編號,車位類別,車位價格,車位面積平方公尺
Serial number,berth category,berth price,berth area square meter
RPPNMLQJJIKFFAB07CA,坡道平面,0,28.11
RPXOMLTJJIKFFAB28CA,坡道平面,900000,39.72
RPSPMLOJJIKFFBB47CA,坡道平面,0,
RPSOMLSKJIKFFAB77CA,坡道平面,0,23.82
RPSOMLSKJIKFFAB77CA,坡道平面,0,23.82
RPPOMLMJJIKFFBB86CA,坡道平面,0,28.67
RPPOMLMJJIKFFBB86CA,坡道平面,0,28.67
RPRNMLOJJIKFFBB17CA,升降機械,0,
RPPQMLLKJIKFFBB07CA,坡道機械,0,6.98
RPOQMLMKJIKFFBB07CA,坡道平面,950000,34.73
RPWPMLMKJIKFFBB77CA,坡道平面,1050000,34.73
RPXPMLMKJIKFFBB87CA,坡道平面,1200000,34.73
RPSOMLQKJIKFFBB67CA,坡道平面,0,
RPVPMLRLJIKFFBB28CA,坡道平面,0,
RPOPMLQLJIKFFBB47CA,坡道平面,0,
RPSOMLRLJIKFFAB77CA,坡道平面,0,30.85
RPPQMLMJJIKFFCB17CA,坡道平面,0,21.50
RPPQMLMJJIKFFCB17CA,坡道平面,0,21.50
RPROMLPJJIKFFCB47CA,坡道平面,0,
RPVNMLPJJIKFFCB77CA,坡道平面,0,
RPQQMLQJJIKFFCB67CA,坡道機械,0,
RPWPMLTJJIKFFCB48CA,坡道機械,0,
RPQNMLPKJIKFFCB37CA,坡道平面,0,32.10
RPXOMLNLJIKFFCB08CA,坡道平面,0,23.14
RPXOMLNLJIKFFCB08CA,坡道平面,0,23.14
RPXOMLNLJIKFFCB08CA,坡道平面,0,23.14
RPSNMLQLJIKFFCB77CA,坡道機械,0,
RPWOMLNLJIKFFCB97CA,坡道平面,0,23.14
RPWOMLNLJIKFFCB97CA,坡道平面,0,23.14
RPTPMLQLJIKFFCB08CA,坡道平面,0,20.58
RPTPMLQLJIKFFCB08CA,坡道平面,0,20.58
RPXNMLTJJIKFFFL07CA,坡道平面,0,18.68
RPSPMLSKJIKFFFL76CA,坡道機械,0,
RPQOMLNJJIKFFGL58CA,坡道平面,0,31.89
RPSNMLOJJIKFFGL78CA,坡道平面,0,
RPVNMLLKJIKFFBB47DA,坡道平面,0,
RPVNMLLKJIKFFBB47DA,坡道機械,0,
RPPNMLOJJIKFFHL58CA,坡道平面,0,
RPWPMLTKMHNFFIB27EA,坡道平面,0,27.22
RPWPMLTKMHNFFIB27EA,坡道平面,0,27.22
RPPNMLTKJIKFFHL56CA,坡道平面,800000,24.80
RPROMLSKJIKFFHL76CA,坡道平面,900000,26.46
RPQOMLSKJIKFFHL66CA,坡道平面,900000,26.46
RPSOMLSKJIKFFHL86CA,坡道平面,800000,24.80
RPPOMLSKJIKFFHL56CA,坡道平面,900000,24.80
RPQNMLTKJIKFFHL66CA,坡道平面,900000,26.46
RPSNMLTKJIKFFHL86CA,坡道平面,900000,26.46
RPRNMLTKJIKFFHL76CA,坡道平面,900000,26.46
RPTNMLTKJIKFFHL96CA,坡道平面,900000,26.46
RPUNMLTKJIKFFHL07CA,坡道平面,900000,26.46
RPVNMLTKJIKFFHL17CA,坡道平面,900000,26.46
RPWNMLTKJIKFFHL27CA,坡道平面,800000,24.80
RPSOMLTKJIKFFHL96CA,坡道平面,900000,26.46
RPTOMLTKJIKFFHL07CA,坡道平面,900000,26.46
RPXNMLTKJIKFFHL37CA,坡道平面,900000,26.46
RPVOMLTKJIKFFHL27CA,坡道平面,900000,26.46
RPUOMLTKJIKFFHL17CA,坡道平面,900000,26.46
RPXOMLTKJIKFFHL47CA,坡道平面,900000,26.46
RPWOMLTKJIKFFHL37CA,坡道平面,900000,26.46
RPUPMLTKJIKFFHL27CA,坡道平面,900000,26.46
RPTPMLTKJIKFFHL17CA,坡道平面,900000,26.46
RPSPMLTKJIKFFHL07CA,坡道平面,900000,26.46
RPOPMLTKJIKFFHL66CA,坡道平面,900000,24.80
RPQPMLTKJIKFFHL86CA,坡道平面,1000000,26.46
RPPPMLTKJIKFFHL76CA,坡道平面,900000,26.46
RPVPMLTKJIKFFHL37CA,坡道平面,900000,26.46
RPWQMLTKJIKFFHL57CA,坡道平面,900000,26.46
RPPRMLTKJIKFFHL96CA,坡道平面,900000,26.46
RPPRMLTKJIKFFHL96CA,坡道平面,900000,26.46
RPVQMLTKJIKFFHL47CA,坡道平面,1000000,26.46
RPORMLTKJIKFFHL86CA,坡道平面,900000,26.46
RPXQMLTKJIKFFHL67CA,坡道平面,900000,26.46
RPUQMLTKJIKFFHL37CA,坡道平面,900000,24.80
RPQRMLTKJIKFFHL07CA,坡道平面,1000000,26.46
RPRRMLTKJIKFFHL17CA,坡道平面,900000,24.80
RPTQMLTKJIKFFHL27CA,坡道平面,800000,24.80
RPSRMLTKJIKFFHL27CA,坡道平面,900000,26.46
RPURMLTKJIKFFHL47CA,坡道平面,900000,26.46
RPTRMLTKJIKFFHL37CA,坡道平面,900000,26.46
RPQSMLTKJIKFFHL17CA,坡道平面,1000000,26.46
RPVRMLTKJIKFFHL57CA,坡道平面,900000,26.46
RPOSMLTKJIKFFHL96CA,坡道平面,900000,26.46
RPWRMLTKJIKFFHL67CA,坡道平面,800000,24.80
RPXRMLTKJIKFFHL77CA,坡道平面,900000,26.46
RPSSMLTKJIKFFHL37CA,坡道平面,800000,24.80
RPRSMLTKJIKFFHL27CA,坡道平面,900000,26.46
RPTSMLTKJIKFFHL47CA,坡道平面,1000000,26.46
RPUSMLTKJIKFFHL57CA,坡道平面,900000,26.46
RPQNMLKLJIKFFHL48CA,坡道平面,900000,24.80
RPWSMLTKJIKFFHL77CA,坡道平面,900000,26.46
RPWSMLTKJIKFFHL77CA,坡道平面,900000,26.46
RPOTMLTKJIKFFHL07CA,坡道平面,900000,24.80
RPRNMLKLJIKFFHL58CA,坡道平面,900000,26.46
RPSNMLKLJIKFFHL68CA,坡道平面,800000,24.80
RPPTMLTKJIKFFHL17CA,坡道平面,900000,26.46
RPXSMLTKJIKFFHL87CA,坡道平面,900000,26.46
RPVSMLTKJIKFFHL67CA,坡道平面,900000,26.46
RPQQMLTKJIKFFHL96CA,坡道平面,900000,26.46
RPPQMLTKJIKFFHL86CA,坡道平面,900000,26.46
RPOQMLTKJIKFFHL76CA,坡道平面,800000,24.80
RPRQMLTKJIKFFHL07CA,坡道平面,800000,24.80
RPPNMLKLJIKFFHL38CA,坡道平面,900000,26.46
RPUNMLKLJIKFFHL88CA,坡道平面,900000,26.46
RPXNMLKLJIKFFHL56CA,坡道平面,900000,26.46
RPWNMLKLJIKFFHL09CA,坡道平面,900000,26.46
RPVNMLKLJIKFFHL98CA,坡道平面,1000000,26.46
RPPOMLKLJIKFFHL48CA,坡道平面,900000,26.46
RPPOMLNLJIKFFHL78CA,坡道平面,800000,24.80
RPQOMLNLJIKFFHL88CA,坡道平面,900000,26.46
RPUOMLNLJIKFFHL66CA,坡道平面,1000000,26.46
RPTOMLNLJIKFFHL56CA,坡道平面,900000,26.46
RPROMLNLJIKFFHL98CA,坡道平面,1000000,26.46
RPSOMLNLJIKFFHL09CA,坡道平面,1000000,26.46
RPWOMLNLJIKFFHL86CA,坡道平面,900000,26.46
RPOPMLNLJIKFFHL78CA,坡道平面,900000,26.46
RPPPMLNLJIKFFHL88CA,坡道平面,900000,26.46
RPVOMLNLJIKFFHL76CA,坡道平面,900000,26.46
RPQNMLOLJIKFFHL88CA,坡道機械,0,
RPXOMLNLJIKFFHL96CA,坡道平面,900000,26.46
RPXNMLOLJIKFFHL96CA,坡道平面,900000,26.46
RPOOMLOLJIKFFHL78CA,坡道平面,900000,26.46
RPPOMLOLJIKFFHL88CA,坡道平面,1000000,26.46
RPQOMLOLJIKFFHL98CA,坡道平面,900000,26.46
RPSOMLOLJIKFFHL56CA,坡道平面,1000000,26.46
RPUOMLOLJIKFFHL76CA,坡道平面,900000,26.46
RPROMLOLJIKFFHL09CA,坡道平面,900000,26.46
RPWOMLOLJIKFFHL96CA,坡道平面,900000,26.46
RPXOMLOLJIKFFHL07CA,坡道平面,900000,26.46
RPVOMLOLJIKFFHL86CA,坡道平面,900000,26.46
RPOPMLOLJIKFFHL88CA,坡道平面,900000,26.46
RPOPMLOLJIKFFHL88CA,坡道平面,900000,26.46
RPPPMLOLJIKFFHL98CA,坡道平面,900000,26.46
RPQPMLOLJIKFFHL09CA,坡道平面,900000,26.46
RPVNMLPJJIKFFHL66CA,坡道機械,0,
RPVNMLSKJIKFFHL07CA,一樓平面,0,
RPPOMLNKJIKFFGL58CA,坡道平面,900000,36.74
RPWNMLNLJIKFFGL66CA,坡道機械,0,
RPRNMLQLJIKFFCB67CA,坡道機械,0,
RPVNMLKKJIKFFCB37CA,坡道平面,0,23.33
RPVNMLKKJIKFFCB37CA,坡道平面,0,23.33
RPWOMLRLJIKFFCB38CA,坡道平面,0,
RPWOMLRLJIKFFCB38CA,坡道機械,0,
RPWOMLRLJIKFFCB38CA,坡道機械,0,
RPWPMLQJJIKFFCB18CA,坡道平面,0,
RPVOMLOJJIKFFCB77CA,坡道平面,0,20.96
RPVOMLOJJIKFFCB77CA,坡道平面,0,24.95
RPWNMLNLJIKFFCB87CA,其他,0,23.35
RPSNMLQJJIKFFCB57CA,坡道平面,0,23.14
RPVPMLLKJIKFFCB67CA,坡道平面,0,27.85
RPRNMLTLJIKFFCB97CA,坡道平面,0,
RPRNMLTLJIKFFCB97CA,坡道平面,0,
RPRNMLTLJIKFFCB97CA,坡道平面,0,
RPRNMLTLJIKFFCB97CA,坡道平面,0,
RPXNMLOLJIKFFBB97CA,坡道平面,0,31.45
RPTQMLTJJIKFFBB18CA,坡道平面,0,18.92
RPTNMLSJJIKFFBB77CA,坡道平面,0,
RPXNMLKLJIKFFBB57CA,一樓平面,0,17.29
RPXNMLKLJIKFFBB57CA,一樓平面,0,17.29
RPTNMLMLJIKFFAB27CA,坡道平面,1100000,25.12
RPTNMLMLJIKFFAB27CA,坡道平面,1100000,25.12
RPSOMLPJJIKFFAB37CA,坡道機械,0,7.61
RPVNMLQJJIKFFAB67CA,坡道平面,0,30.37
RPTNMLOJJIKFFAB27CA,坡道平面,1200000,22.91
RPXNMLQKJIKFFAB97CA,坡道平面,0,
RPTOMLQJJIKFFAB57CA,坡道平面,0,
RPPOMLTKJHLFFBB67CA,坡道機械,0,
RPQNMLQJJIKFFBB27CA,坡道平面,0,
RPQOMLQJJIKFFBB37CA,坡道平面,0,19.15
RPQNMLMKJIKFFBB96CA,坡道平面,0,31.42
RPSNMLMKJIKFFBB17CA,坡道平面,0,31.42
SPQNMLMKJIKFFBB07CA,坡道平面,0,31.42
RPXNMLMKJIKFFBB67CA,坡道平面,0,29.76
RPOOMLMKJIKFFBB86CA,坡道平面,0,31.42
RPWNMLQKJIKFFBB97CA,升降平面,0,
RPRPMLLKJIKFFBB17CA,坡道平面,0,31.42
RPQNMLOKJIKFFBB17CA,坡道機械,0,
RPROMLMKJIKFFBB17CA,坡道平面,0,31.42
RPQNMLQKJIKFFBB37CA,坡道平面,0,31.42
RPRNMLQKJIKFFBB47CA,坡道平面,0,31.42
RPTNMLKMJIKFFBB27CA,坡道機械,720000,13.32
RPRNMLKMJIKFFBB07CA,坡道平面,1200000,26.64
RPSNMLKMJIKFFBB17CA,坡道平面,1250000,26.64
RPUNMLKMJIKFFBB37CA,坡道機械,580000,13.32
RPVNMLKMJIKFFBB47CA,坡道機械,580000,13.32
RPOOMLKMJIKFFBB86CA,坡道平面,1150000,26.64
RPWNMLKMJIKFFBB57CA,坡道機械,720000,13.32
RPXNMLKMJIKFFBB67CA,坡道機械,580000,13.32
SPQOMLKMJIKFFBB17CA,坡道平面,1200000,26.64
RPQOMLKMJIKFFBB07CA,坡道平面,1200000,26.64
RPUOMLKMJIKFFBB47CA,坡道平面,1200000,26.64
RPTOMLKMJIKFFBB37CA,坡道平面,1150000,26.64
RPVOMLKMJIKFFBB57CA,坡道機械,720000,13.32
RPWOMLKMJIKFFBB67CA,坡道平面,1150000,26.64
RPQNMLTKJIKFFBB67CA,坡道平面,0,31.42
RPRNMLTKJIKFFBB77CA,坡道平面,0,31.42
RPXOMLKMJIKFFBB77CA,坡道平面,0,26.64
RPXOMLKMJIKFFBB77CA,坡道平面,2400000,26.64
RPOPMLKMJIKFFBB96CA,坡道機械,720000,13.32
RPSPMLKMJIKFFBB37CA,坡道平面,1150000,26.64
RPUPMLKMJIKFFBB57CA,坡道平面,1200000,26.64
RPOQMLKMJIKFFBB07CA,坡道機械,720000,13.32
RPPPMLKMJIKFFBB07CA,坡道平面,1100000,26.64
RPTPMLKMJIKFFBB47CA,坡道平面,1200000,26.64
RPRPMLKMJIKFFBB27CA,坡道平面,1150000,
RPWPMLKMJIKFFBB77CA,坡道機械,580000,13.32
RPVPMLKMJIKFFBB67CA,坡道機械,580000,13.32
RPQPMLKMJIKFFBB17CA,坡道平面,0,26.64
RPQPMLKMJIKFFBB17CA,坡道平面,2300000,26.64
RPXPMLKMJIKFFBB87CA,坡道平面,1250000,26.64
RPQPMLPJJIKFFCB47CA,坡道平面,0,23.61
RPROMLQJJIKFFCB57CA,坡道平面,1400000,33.08
RPROMLQJJIKFFCB57CA,坡道平面,1400000,33.08
RPQQMLKMJIKFFBB27CA,坡道平面,0,26.64
RPQQMLKMJIKFFBB27CA,坡道平面,2300000,26.64
RPPQMLKMJIKFFBB17CA,坡道平面,1200000,26.64
RPVQMLQJJIKFFCB18CA,坡道平面,0,14.75
RPTQMLKMJIKFFBB57CA,坡道平面,0,26.64
RPTQMLKMJIKFFBB57CA,坡道機械,1630000,13.32
RPRQMLKMJIKFFBB37CA,坡道平面,1200000,26.64
RPSQMLKMJIKFFBB47CA,坡道機械,580000,13.32
RPUQMLKMJIKFFBB67CA,坡道機械,0,13.32
RPUQMLKMJIKFFBB67CA,坡道機械,1300000,13.32
RPOOMLKKJIKFFCB76CA,坡道平面,0,
RPTNMLPKJIKFFCB67CA,坡道平面,0,
RPOPMLNKJIKFFCB17CA,坡道平面,0,
RPUNMLLKJIKFFCB37CA,坡道平面,0,
RPXPMLLKJIKFFCB87CA,坡道機械,0,12.57
RPXPMLLKJIKFFCB87CA,坡道平面,0,25.14
RPVOMLLKJIKFFCB57CA,坡道平面,0,
RPVOMLLKJIKFFCB57CA,坡道平面,0,
RPWPMLLKJIKFFCB77CA,坡道平面,0,12.93
RPTNMLQKJIKFFCB77CA,坡道平面,0,16.78
RPTNMLQKJIKFFCB77CA,坡道平面,0,16.78
RPQPMLRKJIKFFCB77CA,坡道平面,0,20.92
RPSOMLTKJIKFFCB08CA,坡道平面,0,
RPSSMLTKJIKFFCB48CA,坡道機械,0,
RPUOMLKLJIKFFCB47CA,坡道機械,0,13.89
RPUNMLSLJIKFFCB18CA,坡道平面,0,19.83
RPUNMLSLJIKFFCB18CA,坡道平面,0,19.83
RPTNMLSLJIKFFCB08CA,坡道平面,0,19.83
RPUNMLSLJIKFFCB18CA,坡道平面,0,19.83
RPTNMLSLJIKFFCB08CA,坡道平面,0,19.83
RPRNMLKMJIKFFCB17CA,坡道平面,0,
RPVNMLSLJIKFFCB28CA,坡道平面,0,19.83
RPVNMLSLJIKFFCB28CA,坡道平面,0,19.83
RPXNMLMJKIKFFCB77CA,坡道平面,0,21.37
RPXNMLMJKIKFFCB77CA,坡道機械,0,11.19
RPXNMLMJKIKFFCB77CA,坡道機械,0,11.19
RPWNMLMJKIKFFCB67CA,坡道平面,0,22.94
RPWNMLMJKIKFFCB67CA,坡道機械,0,10.19
RPWNMLMJKIKFFCB67CA,坡道機械,0,10.19
RPUOMLMJKIKFFCB57CA,坡道平面,0,22.94
RPTNMLMJKIKFFCB37CA,坡道機械,0,11.19
RPTNMLMJKIKFFCB37CA,坡道機械,0,11.19
RPVNMLMJKIKFFCB57CA,坡道機械,0,11.19
RPVNMLMJKIKFFCB57CA,坡道機械,0,11.19
RPTOMLMJKIKFFCB47CA,坡道機械,0,10.19
RPTOMLMJKIKFFCB47CA,坡道機械,0,10.19
RPOOMLMJKIKFFCB96CA,坡道平面,0,21.37
RPOOMLMJKIKFFCB96CA,坡道平面,0,21.37
RPSOMLNJKIKFFCB47CA,坡道平面,0,21.37
RPSOMLNJKIKFFCB47CA,坡道平面,0,21.37
RPPOMLNJKIKFFCB17CA,坡道平面,0,21.37
RPTOMLNJKIKFFCB57CA,坡道平面,0,22.94
RPTOMLNJKIKFFCB57CA,坡道平面,0,22.94
RPWOMLNJKIKFFCB87CA,坡道平面,0,22.94
RPQPMLNJKIKFFCB37CA,坡道平面,0,22.94
RPRPMLNJKIKFFCB47CA,坡道機械,0,11.19
RPRPMLNJKIKFFCB47CA,坡道機械,0,11.19
RPRPMLNJKIKFFCB47CA,坡道平面,0,21.37
RPSPMLNJKIKFFCB57CA,坡道平面,0,22.94
RPTNMLPJJIKFFAL38CA,坡道機械,0,
RPVNMLOJKIKFFCB77CA,坡道平面,0,21.37
RPVNMLOJKIKFFCB77CA,坡道機械,0,10.19
RPVNMLOJKIKFFCB77CA,坡道機械,0,10.19
RPQNMLQJJIKFFCL38CA,坡道平面,0,34.60
RPRNMLOJJIKFFFL58CA,坡道機械,0,
RPUNMLTJJIKFFGL86CA,坡道機械,0,
RPTNMLPJJIKFFIL56CA,坡道平面,0,20.66
RPRNMLTJJIKFFFL56DA,坡道平面,0,
RPUQMLQJJIKFFCB18DA,坡道平面,0,
RPPNMLRKJIKFFIL09CA,坡道平面,0,
RPQOMLTKJIKFFHL76CA,坡道機械,0,
RPOOMLTJJIKFFGL98CA,坡道機械,0,9.59
RPQNMLLKJIKFFGL38CA,升降機械,0,
RPSOMLQJMHLFFGL76CA,升降平面,0,33.09
RPSOMLQJMHLFFGL76CA,升降平面,0,31.05
RPPNMLQKJIKFFGL78CA,坡道平面,0,
RPVNMLKMJIKFFGL98CA,坡道平面,1100000,27.82
RPWNMLKMJIKFFGL09CA,坡道平面,1100000,27.82
RPXNMLKMJIKFFGL56CA,坡道平面,1150000,31.47
RPVOMLKMJIKFFGL09CA,坡道平面,1500000,31.47
RPSPMLKMJIKFFGL88CA,坡道平面,1200000,31.47
RPQOMLKMJIKFFGL58CA,坡道平面,900000,31.47
RPWOMLKMJIKFFGL56CA,坡道平面,1200000,31.47
RPVNMLMKJIKFFGL98CA,坡道平面,0,
RPQNMLTKJIKFFFL09CA,坡道機械,0,
RPWNMLSKJIKFFCB28CA,坡道平面,0,
RPRNMLPKJIKFFCB47CA,坡道機械,0,
RPOPMLOJKIKFFCB27CA,坡道平面,0,
RPQOMLNKJIKFFCB27CA,坡道平面,0,36.41
RPQOMLNKJIKFFCB27CA,坡道平面,0,36.41
RPQOMLNKJIKFFCB27CA,坡道平面,0,36.41
RPQOMLNKJIKFFCB27CA,坡道平面,0,36.41
RPQOMLNKJIKFFCB27CA,坡道平面,0,36.41
RPRPMLOLJIKFFCB67CA,坡道平面,0,
RPQQMLTJJIKFFCB97CA,坡道平面,0,
RPXOMLKKJIKFFCB67CA,坡道平面,0,12.90
RPPOMLQJJIKFFCB37CA,坡道平面,0,
RPUNMLKLJIKFFBB27CA,坡道機械,0,7.29
RPXPMLTJJIKFFBB48CA,升降平面,0,
RPPQMLPJJIKFFBB37CA,坡道平面,0,
RPRQMLPJJIKFFBB57CA,坡道機械,0,
RPPOMLMKJIKFFCB07CA,坡道平面,0,19.83
RPSOMLMKJIKFFCB37CA,坡道平面,0,
RPQOMLMKJIKFFCB17CA,升降機械,0,10.01
RPQNMLTJJIKFFAB47CA,坡道平面,0,24.73
RPPPMLMKJIKFFAB96CA,坡道平面,0,
RPXNMLOLJIKFFAB87CA,坡道平面,0,26.84
RPQOMLOLJIKFFAB27CA,坡道平面,0,23.16
RPPOMLOLJIKFFAB17CA,坡道平面,0,26.84
RPOOMLOLJIKFFAB07CA,坡道平面,0,26.84
RPVOMLLLJIKFFAB47CA,坡道平面,0,26.84
RPTOMLLLJIKFFAB27CA,坡道平面,0,26.84
RPWOMLLLJIKFFAB57CA,坡道平面,0,26.84
RPOQMLTJJIKFFBB67CA,坡道機械,0,
RPROMLKKJIKFFBB96CA,坡道平面,0,27.05
RPWQMLTJJIKFFBB48CA,坡道機械,0,11.68
RPRRMLTJJIKFFBB08CA,升降機械,0,
RPWNMLMKJIKFFBB57CA,坡道平面,0,26.45
RPXOMLTJJIKFFBB38CA,坡道平面,0,
RPXPMLLKJIKFFBB77CA,坡道平面,0,
RPVPMLLKJIKFFBB57CA,升降機械,0,
RPOOMLKLJIKFFBB76CA,坡道平面,0,24.82
RPUPMLNLJIKFFBB77CA,坡道平面,1100000,32.06
RPUPMLNLJIKFFBB77CA,坡道平面,1100000,32.06
RPSPMLNLJIKFFBB57CA,坡道平面,1200000,32.06
RPWPMLNLJIKFFBB97CA,坡道平面,1200000,32.06
RPQPMLNLJIKFFBB37CA,坡道平面,1100000,32.06
RPRPMLNLJIKFFBB47CA,坡道平面,1100000,32.06
RPTPMLNLJIKFFBB67CA,坡道平面,1200000,32.06
RPRQMLQJJIKFFCB77CA,坡道機械,650000,18.91
RPPQMLTJJIKFFCB87CA,坡道平面,0,
RPPQMLTJJIKFFCB87CA,坡道平面,0,
RPXPMLTJJIKFFCB58CA,坡道機械,0,
RPOOMLTKJIKFFBB57CA,坡道機械,0,
RPSNMLQKJIKFFCB67CA,坡道平面,0,18.24
RPVOMLTKJIKFFCB38CA,坡道機械,0,
RPWOMLTKJIKFFCB48CA,坡道平面,0,21.97
RPQPMLQLJIKFFCB77CA,坡道平面,0,
RPXNMLQLJIKFFCB28CA,坡道平面,0,
RPTNMLOLJIKFFAL48CA,升降機械,0,
RPXNMLOJKIKFFCB97CA,坡道平面,0,
RPROMLOJKIKFFCB47CA,坡道機械,0,18.75
RPXNMLSJLHLFFBB38CA,坡道機械,0,
RPPOMLMKJIKFFFL38CA,坡道機械,0,
RPRNMLQKJIKFFFL88CA,坡道機械,0,
RPWNMLLKJIKFFFL88CA,坡道機械,0,
RPPNMLMKJIKFFFL28CA,坡道平面,0,
RPXOMLKMJIKFFGL66CA,坡道平面,1200000,31.47
RPTPMLKMJIKFFGL98CA,坡道平面,1200000,31.47
RPOPMLKMJIKFFGL48CA,坡道平面,900000,27.82
RPRNMLRLJIKFFGL56CA,坡道平面,0,
RPPPMLKMJIKFFGL58CA,坡道平面,1500000,31.47
RPOOMLKMJIKFFGL38CA,坡道平面,1100000,31.47
RPPOMLKMJIKFFGL48CA,坡道平面,1150000,27.82
RPTOMLKMJIKFFGL88CA,坡道平面,1100000,31.47
RPSOMLKMJIKFFGL78CA,坡道平面,900000,27.82
RPUNMLKMJIKFFGL88CA,坡道平面,1100000,27.82
RPQNMLKKJIKFFBB86DA,坡道平面,0,23.58
RPXNMLLKJIKFFCB77DA,坡道機械,0,
RPXOMLKKJIKFFBB67DA,坡道平面,0,
RPQNMLSLJIKFFCB87DA,坡道機械,0,
RPTNMLKKJIKFFGL68DA,坡道平面,0,29.95
RPPRMLOJKIKFFHL09CA,坡道機械,0,
RPQPMLKMJIKFFGL68CA,坡道平面,1400000,31.47
RPUPMLKMJIKFFGL09CA,坡道平面,1200000,31.47
RPVPMLKMJIKFFGL56CA,坡道平面,1200000,31.47
RPWPMLKMJIKFFGL66CA,坡道平面,1300000,31.47
RPXPMLKMJIKFFGL76CA,坡道平面,900000,27.82
RPROMLNKJIKFFGL78CA,坡道平面,0,
RPSOMLNKJIKFFGL88CA,坡道平面,0,
RPQNMLMKJIKFFFL38CA,坡道平面,0,
RPWPMLRJKIKFFCB38CA,坡道平面,1600000,29.03
RPUNMLMJOHLFFGL66CA,坡道平面,1400000,31.91
RPUNMLMJOHLFFGL66CA,坡道平面,1400000,31.91
RPOOMLRJKIKFFCB47CA,坡道平面,0,19.83
RPOOMLRJKIKFFCB47CA,坡道平面,0,19.83
RPVNMLKMJIKFFAL38CA,坡道平面,400000,14.39
RPWTMLTLKIKFFCB56CA,坡道平面,0,
RPPQMLNJKIKFFCB37CA,坡道平面,0,19.83
RPPQMLNJKIKFFCB37CA,坡道平面,0,19.83
RPWRMLNJKIKFFCB18CA,坡道平面,0,19.83
RPWRMLNJKIKFFCB18CA,坡道平面,0,19.83
RPWRMLNJKIKFFCB18CA,坡道平面,0,19.83
RPVRMLNJKIKFFCB08CA,坡道平面,0,19.83
RPVRMLNJKIKFFCB08CA,坡道平面,0,19.83
RPURMLNJKIKFFCB97CA,坡道平面,0,19.83
RPURMLNJKIKFFCB97CA,坡道平面,0,19.83
RPURMLNJKIKFFCB97CA,坡道平面,0,19.83
RPSRMLNJKIKFFCB77CA,坡道平面,0,19.83
RPSRMLNJKIKFFCB77CA,坡道平面,0,19.83
RPQQMLNJKIKFFCB47CA,坡道平面,0,19.83
RPQQMLNJKIKFFCB47CA,坡道平面,0,19.83
RPSQMLNJKIKFFCB67CA,坡道平面,0,19.83
RPSQMLNJKIKFFCB67CA,坡道平面,0,19.83
RPRRMLNJKIKFFCB67CA,坡道平面,0,19.83
RPRRMLNJKIKFFCB67CA,坡道平面,0,19.83
RPVQMLNJKIKFFCB97CA,坡道平面,0,19.83
RPVQMLNJKIKFFCB97CA,坡道平面,0,19.83
RPRQMLNJKIKFFCB57CA,坡道平面,0,19.83
RPRQMLNJKIKFFCB57CA,坡道平面,0,19.83
RPTRMLNJKIKFFCB87CA,坡道平面,0,19.83
RPTRMLNJKIKFFCB87CA,坡道平面,0,19.83
RPTRMLNJKIKFFCB87CA,坡道平面,0,19.83
RPQSMLTKJIKFFCB28CA,坡道平面,0,
RPVNMLMKJIKFFCB57CA,坡道機械,0,
RPRPMLLKJIKFFCB27CA,坡道平面,0,15.11
RPRPMLLKJIKFFCB27CA,坡道平面,0,15.11
RPTNMLMKJIKFFCB37CA,坡道平面,0,19.56
RPUNMLLJKIKFFCB37CA,坡道平面,0,23.14
RPROMLMKJIKFFCB27CA,坡道平面,0,23.14
RPSPMLLKJIKFFCB37CA,坡道平面,1600000,15.11
RPXNMLSKJIKFFBB28CA,坡道平面,1300000,35.73
RPXQMLMKJIKFFBB97CA,坡道平面,1050000,34.73
RPXOMLOLJIKFFBB08CA,升降機械,0,
RPRQMLLKJIKFFBB27CA,坡道平面,0,
RPQRMLKMJIKFFBB37CA,坡道機械,0,15.94
RPUOMLRLJIKFFBB08CA,坡道機械,0,
RPVOMLRLJIKFFBB18CA,坡道平面,0,
RPRRMLTKJIKFFBB18CA,坡道機械,0,
RPVRMLMKJIKFFBB87CA,坡道平面,950000,34.73
RPQQMLMKJIKFFBB27CA,坡道平面,0,34.73
RPQRMLMKJIKFFBB37CA,坡道平面,1100000,34.73
RPRQMLMKJIKFFBB37CA,坡道平面,0,34.73
SPUQMLMKJIKFFBB77CA,坡道平面,950000,34.73
RPUQMLMKJIKFFBB67CA,坡道平面,950000,32.77
RPTRMLMKJIKFFBB67CA,坡道平面,1050000,34.73
RPSRMLMKJIKFFBB57CA,坡道平面,1200000,34.73
RPQNMLTLJIKFFAB67CA,坡道機械,0,
RPUNMLNJKIKFFAB37CA,坡道平面,0,26.84
RPPOMLKKJIKFFBB76CA,坡道平面,0,26.62
RPPOMLKKJIKFFBB76CA,坡道平面,0,26.62
RPPOMLKKJIKFFBB76CA,坡道平面,0,26.62
RPPOMLKKJIKFFBB76CA,坡道平面,0,26.62
RPPQMLKLJIKFFAB96CA,坡道平面,0,23.16
RPPQMLKLJIKFFAB96CA,坡道平面,0,26.84
RPQNMLLLJIKFFAB86CA,坡道平面,0,26.84
RPQNMLLLJIKFFAB86CA,坡道平面,0,26.84
RPPNMLLLJIKFFAB76CA,坡道平面,0,26.84
RPPNMLLLJIKFFAB76CA,坡道平面,0,26.84
RPVOMLPLJIKFFAB87CA,坡道平面,0,26.84
RPRNMLLLJIKFFAB96CA,坡道平面,0,26.84
RPRNMLLLJIKFFAB96CA,坡道平面,0,26.84
RPVNMLLLJIKFFAB37CA,坡道平面,0,26.84
RPVNMLLLJIKFFAB37CA,坡道平面,0,26.84
RPSNMLLLJIKFFAB07CA,坡道平面,0,26.84
RPUNMLLLJIKFFAB27CA,坡道平面,0,26.84
RPTNMLLLJIKFFAB17CA,坡道平面,0,26.84
RPSOMLOLJIKFFAB47CA,坡道平面,0,26.84
RPSNMLRKJIKFFAB57CA,坡道平面,0,
RPOPMLNLJIKFFAB07CA,坡道平面,0,30.26
RPOPMLNLJIKFFAB07CA,坡道平面,0,30.26
RPOPMLNLJIKFFAB07CA,坡道平面,0,30.26
RPQNMLLKJIKFFBB86CA,坡道平面,0,
RPQNMLLKJIKFFBB86CA,坡道平面,0,
RPQNMLLKJIKFFBB86CA,坡道平面,0,
RPXOMLMJKIKFFAB67CA,坡道機械,0,15.35
RPROMLMKJIKFFAB07CA,其他,0,
RPSOMLKKJIKFFBB07CA,坡道機械,0,36.86
RPOSMLMKJIKFFBB27CA,坡道平面,0,
RPURMLTKJIKFFBB48CA,坡道機械,0,
RPTPMLLKJIKFFBB37CA,坡道平面,0,28.67
RPTPMLLKJIKFFBB37CA,坡道平面,0,28.67
RPXPMLRKJIKFFBB38CA,坡道平面,0,
RPXQMLRKJIKFFBB48CA,坡道機械,0,14.06
RPQNMLRKJIKFFBB47CA,坡道平面,0,
RPUOMLNKJIKFFBB57CA,坡道機械,0,
RPRPMLMKJIKFFCB37CA,坡道平面,0,
RPVOMLMKJIKFFCB67CA,坡道平面,0,26.50
RPTOMLMKJIKFFCB47CA,坡道平面,0,40.26
RPWNMLLKJIKFFCB57CA,坡道平面,0,23.27
RPOOMLLKJIKFFCB86CA,坡道平面,0,24.91
RPOOMLLKJIKFFCB86CA,坡道平面,0,24.91
RPOPMLMJKIKFFCB07CA,坡道機械,0,13.61
RPRNMLKLJIKFFAL87CA,坡道機械,400000,8.02
RPVPMLPLJIKFFCB18CA,坡道平面,0,23.51
RPWOMLPLJIKFFCB18CA,坡道機械,0,
RPRNMLLLJIKFFCB17CA,坡道平面,0,
RPTNMLSJKIKFFCB97CA,坡道平面,0,16.78
RPTNMLSJKIKFFCB97CA,坡道機械,0,10.27
RPTNMLSJKIKFFCB97CA,坡道機械,0,10.27
RPVOMLQKJIKFFGL86CA,坡道平面,0,18.40
RPOOMLSKJIKFFHL09CA,坡道平面,0,
RPVNMLKKJIKFFHL88CA,坡道平面,480000,.06
RPPNMLNJKIKFFHL58CA,一樓平面,0,
RPPNMLRLJIKFFHL09CA,一樓平面,0,
RPWRMLMKJIKFFBB08DA,坡道平面,0,34.64
RPWNMLRLJIKFFHL17CA,一樓平面,0,
RPTNMLPLJIKFFGL66DA,坡道平面,0,
RPSNMLRLJIKFFHL76CA,一樓平面,0,
RPPNMLMKJIKFFHL48CA,坡道平面,0,
RPXNMLSJKIKFFCB38CA,坡道平面,0,
RPQOMLPJKIKFFCB47CA,坡道平面,1000000,33.83
RPTOMLPJKIKFFCB77CA,坡道平面,1100000,33.83
RPPOMLPJKIKFFCB37CA,坡道平面,1000000,33.83
RPSOMLPJKIKFFCB67CA,坡道平面,1100000,33.83
RPROMLPJKIKFFCB57CA,坡道平面,1100000,33.83
RPROMLPJKIKFFCB57CA,坡道平面,1100000,33.83
RPUOMLPJKIKFFCB87CA,坡道平面,1100000,33.83
RPUOMLPJKIKFFCB87CA,坡道平面,1100000,33.83
RPVOMLPJKIKFFCB97CA,坡道平面,1000000,33.83
RPVOMLPJKIKFFCB97CA,坡道平面,1150000,33.83
RPWOMLPJKIKFFCB08CA,坡道平面,1100000,33.83
RPXOMLPJKIKFFCB18CA,坡道平面,1000000,33.83
RPVNMLPJKIKFFCB87CA,坡道機械,600000,19.33
RPUNMLPJKIKFFCB77CA,坡道平面,1100000,33.83
RPUNMLPJKIKFFCB77CA,坡道平面,1100000,33.83
RPXNMLPJKIKFFCB08CA,坡道平面,1100000,33.83
RPTNMLPJKIKFFCB67CA,坡道機械,550000,19.33
RPTNMLPJKIKFFCB67CA,坡道機械,550000,19.33
RPWNMLPJKIKFFCB97CA,坡道平面,1100000,33.83
RPSNMLPJKIKFFCB57CA,坡道平面,1000000,33.83
RPRNMLPJKIKFFCB47CA,坡道機械,500000,19.33
RPSNMLRJKIKFFFL09CA,坡道平面,0,
RPWOMLKKKIKFFFL98CA,坡道平面,0,21.45
RPVOMLKKKIKFFFL88CA,坡道平面,0,21.45
RPWOMLRLJIKFFAL56CA,坡道平面,0,
RPWOMLKLJIKFFCB67CA,坡道平面,0,26.50
RPXNMLTLJIKFFCB58CA,坡道平面,0,
RPWPMLQKJIKFFCB28CA,坡道平面,0,31.40
RPWPMLQKJIKFFCB28CA,坡道平面,0,31.40
RPUPMLPLJIKFFCB08CA,坡道平面,0,22.27
RPRPMLPLJIKFFCB77CA,坡道機械,0,
RPOQMLQKJIKFFCB57CA,坡道平面,0,
RPQNMLMKJIKFFCB07CA,坡道平面,0,
RPPNMLQKJIKFFCB37CA,一樓平面,800000,
RPPNMLSKJIKFFCB57CA,坡道平面,0,
RPPNMLSKJIKFFCB57CA,坡道平面,0,
RPQOMLRJKIKFFBB57CA,坡道平面,0,
RPRNMLMKJIKFFCB17CA,坡道平面,0,
RPRNMLMKJIKFFCB17CA,坡道平面,0,
RPVQMLSJKIKFFBB38CA,坡道平面,0,24.91
RPSOMLPLJIKFFBB67CA,坡道平面,0,22.60
RPOOMLPLJIKFFBB27CA,坡道平面,0,
RPXNMLTKJIKFFBB38CA,坡道平面,0,31.42
RPXNMLKKKIKFFBB57CA,其他,0,
RPSNMLTKJIKFFBB87CA,坡道平面,0,31.42
RPTNMLTKJIKFFBB97CA,坡道平面,0,31.42
RPUNMLTKJIKFFBB08CA,坡道平面,0,31.42
RPTOMLKLJIKFFBB27CA,坡道平面,0,35.53
RPPOMLTKJIKFFBB67CA,坡道平面,0,31.42
RPTNMLMKJIKFFBB27CA,升降機械,230000,6.38
RPSQMLTKJIKFFBB18CA,坡道平面,0,
RPQPMLMKJIKFFBB17CA,坡道平面,0,22.90
RPSNMLQKJIKFFBB57CA,坡道平面,0,31.42
RPSNMLQKJIKFFBB57CA,坡道平面,0,31.42
RPPOMLNKJIKFFBB07CA,升降機械,0,
RPTNMLNKJIKFFBB37CA,坡道平面,0,
RPSNMLNKJIKFFBB27CA,坡道平面,0,
RPPPMLKLJIKFFAB86CA,坡道平面,0,28.47
RPSOMLMKJIKFFAB17CA,坡道機械,0,
RPQNMLQKJIKFFAB27CA,坡道機械,0,
RPSNMLQJKIKFFAB47CA,坡道機械,0,
RPOPMLNKJIKFFAB96CA,坡道平面,0,22.63
RPOPMLNKJIKFFAB96CA,坡道平面,0,22.62
RPPOMLNKJIKFFAB96CA,坡道平面,0,
RPWPMLQKJIKFFAB08CA,坡道平面,0,18.57
RPVPMLRLJIKFFAB18CA,坡道機械,0,4.91
RPXNMLSKJIKFFAB18CA,坡道機械,0,
RPWOMLTKJIKFFBB38CA,坡道平面,0,31.42
RPSOMLTKJIKFFBB97CA,坡道平面,0,31.42
RPTOMLTKJIKFFBB08CA,坡道平面,0,31.42
RPPOMLKLJIKFFBB86CA,坡道平面,0,31.42
RPWOMLTJKIKFFBB38CA,坡道平面,1200000,26.64
RPPPMLTJKIKFFBB77CA,坡道平面,0,26.64
RPPPMLTJKIKFFBB77CA,坡道平面,2400000,26.64
RPOPMLTJKIKFFBB67CA,坡道平面,1150000,26.64
RPXOMLTJKIKFFBB48CA,坡道平面,1200000,26.64
RPVPMLTJKIKFFBB38CA,坡道平面,1150000,26.64
RPUPMLTJKIKFFBB28CA,坡道平面,1250000,26.64
RPSPMLTJKIKFFBB08CA,坡道平面,1200000,26.64
RPRPMLTJKIKFFBB97CA,坡道平面,1200000,26.64
RPTPMLTJKIKFFBB18CA,坡道平面,1150000,26.64
RPWPMLTJKIKFFBB48CA,坡道平面,0,26.64
RPWPMLTJKIKFFBB48CA,坡道機械,1870000,13.32
RPUNMLSJKIKFFBB97CA,坡道機械,0,11.72
RPUNMLNKJIKFFCB57CA,坡道平面,0,
RPUNMLNKJIKFFCB57CA,坡道平面,0,
RPUNMLNKJIKFFCB57CA,坡道平面,0,
RPXPMLNLJIKFFCB18CA,坡道平面,1500000,24.26
RPXPMLNLJIKFFCB18CA,坡道機械,750000,12.61
RPXPMLNLJIKFFCB18CA,坡道機械,600000,12.61
RPPQMLNLJIKFFCB47CA,坡道機械,700000,12.61
RPPQMLNLJIKFFCB47CA,坡道機械,600000,12.61
RPPQMLNLJIKFFCB47CA,坡道機械,700000,12.61
RPPQMLNLJIKFFCB47CA,坡道機械,600000,12.61
RPRQMLNLJIKFFCB67CA,坡道機械,700000,12.61
RPRQMLNLJIKFFCB67CA,坡道機械,600000,12.61
RPROMLNKJIKFFCB37CA,坡道機械,0,11.57
RPWOMLQKJIKFFCB18CA,坡道平面,0,20.99
RPRNMLMLJIKFFCB27CA,坡道平面,0,12.95
RPXQMLKLJIKFFCB97CA,坡道平面,0,
SPWPMLSKJIKFFCB58CA,坡道機械,0,
RPQNMLRLJIKFFCB67CA,坡道機械,0,13.92
RPTQMLKLJIKFFCB57CA,坡道機械,0,7.76
RPPNMLKMJIKFFCB96CA,坡道平面,0,
RPROMLNKJIKFFAL18CA,坡道機械,200000,
RPVNMLQLJIKFFCL09CA,坡道機械,0,
RPQPMLKKKIKFFFL48CA,坡道平面,0,26.40
RPSPMLKKKIKFFFL68CA,坡道平面,0,21.45
RPRPMLKKKIKFFFL58CA,坡道平面,0,26.40
RPTPMLKKKIKFFFL78CA,坡道平面,0,21.45
RPPNMLLKKIKFFFL28CA,坡道平面,0,26.40
RPQQMLKKKIKFFFL58CA,坡道平面,0,21.45
RPVPMLKKKIKFFFL98CA,升降機械,0,13.19
RPRNMLLKKIKFFFL48CA,升降機械,0,13.19
RPPNMLNJKIKFFFL38CA,坡道平面,1100000,30.32
RPWNMLNJKIKFFFL09CA,坡道平面,1100000,30.32
RPQNMLNJKIKFFFL48CA,坡道平面,1100000,30.32
RPQNMLNJKIKFFFL48CA,坡道平面,1100000,30.32
RPRNMLNJKIKFFFL58CA,坡道平面,900000,26.70
RPVNMLNJKIKFFFL98CA,坡道平面,1100000,30.32
RPXNMLNJKIKFFFL56CA,坡道平面,1100000,30.32
RPSNMLNJKIKFFFL68CA,坡道平面,1300000,30.32
RPUNMLNJKIKFFFL88CA,坡道平面,1100000,30.32
RPOOMLNJKIKFFFL38CA,坡道平面,1100000,30.32
RPPNMLOJKIKFFFL48CA,坡道平面,1150000,30.32
RPOPMLPJKIKFFCB37CA,坡道機械,500000,19.33
RPRRMLSJKIKFFCB18CA,坡道平面,0,15.00
RPXOMLSJKIKFFCB48CA,坡道平面,0,33.01
RPQRMLSJKIKFFCB08CA,坡道機械,0,10.80
RPVQMLSJKIKFFCB48CA,坡道平面,0,
RPTNMLNKJIKFFIL56DA,升降機械,0,
RPSQMLTKJIKFFHL17CA,坡道平面,0,
RPSQMLTKJIKFFHL17CA,坡道平面,0,
RPPOMLNKJIKFFIL78CA,坡道機械,0,
RPUNMLPLJIKFFHL76CA,坡道機械,0,
RPRNMLKMJIKFFHL78DA,坡道平面,0,
RPXNMLPJKIKFFHL96CA,坡道平面,0,
RPQOMLPJKIKFFHL98CA,坡道平面,0,
RPWNMLPJKIKFFHL86CA,坡道機械,0,
RPWNMLPJKIKFFHL86CA,坡道機械,0,
RPSOMLPJKIKFFHL56CA,坡道平面,0,
RPVOMLPJKIKFFHL86CA,坡道機械,0,
RPWOMLPJKIKFFHL96CA,坡道平面,0,
RPPOMLPJKIKFFHL88CA,坡道平面,0,
RPOOMLPJKIKFFHL78CA,坡道機械,0,
RPOOMLPJKIKFFHL78CA,坡道機械,0,
RPVNMLPJKIKFFHL76CA,坡道平面,0,
RPVNMLPJKIKFFHL76CA,坡道機械,0,
RPTOMLPJKIKFFHL66CA,坡道平面,0,
RPTOMLPJKIKFFHL66CA,坡道平面,0,
RPQPMLPJKIKFFHL09CA,坡道機械,0,
RPPPMLPJKIKFFHL98CA,坡道機械,0,
RPPPMLPJKIKFFHL98CA,坡道機械,0,
RPXOMLPJKIKFFHL07CA,坡道機械,0,
RPXOMLPJKIKFFHL07CA,坡道機械,0,
RPOPMLPJKIKFFHL88CA,坡道平面,0,
RPTPMLPJKIKFFHL76CA,坡道平面,0,
RPTPMLPJKIKFFHL76CA,坡道機械,0,
RPRPMLPJKIKFFHL56CA,坡道平面,0,
RPSPMLPJKIKFFHL66CA,坡道機械,0,
RPSPMLPJKIKFFHL66CA,坡道機械,0,
RPWPMLPJKIKFFHL07CA,坡道機械,0,
RPWPMLPJKIKFFHL07CA,坡道機械,0,
RPVPMLPJKIKFFHL96CA,坡道平面,0,
RPUPMLPJKIKFFHL86CA,坡道機械,0,
RPUQMLPJKIKFFHL96CA,坡道機械,0,
RPOQMLPJKIKFFHL98CA,坡道平面,0,
RPPQMLPJKIKFFHL09CA,坡道機械,0,
RPTQMLPJKIKFFHL86CA,坡道平面,0,
RPRQMLPJKIKFFHL66CA,坡道機械,0,
RPXPMLPJKIKFFHL17CA,坡道機械,0,
RPWQMLPJKIKFFHL17CA,坡道機械,0,
RPXQMLPJKIKFFHL27CA,坡道機械,0,
RPVQMLPJKIKFFHL07CA,坡道機械,0,
RPVQMLPJKIKFFHL07CA,坡道機械,0,
RPQQMLPJKIKFFHL56CA,坡道機械,0,
RPORMLPJKIKFFHL09CA,坡道機械,0,
RPPRMLPJKIKFFHL56CA,坡道機械,0,
RPQRMLPJKIKFFHL66CA,坡道機械,0,
RPRRMLPJKIKFFHL76CA,坡道平面,0,
RPPSMLPJKIKFFHL66CA,坡道機械,0,
RPQSMLPJKIKFFHL76CA,坡道機械,0,
RPVRMLPJKIKFFHL17CA,坡道機械,0,
RPSRMLPJKIKFFHL86CA,坡道機械,0,
RPURMLPJKIKFFHL07CA,坡道平面,0,
RPXRMLPJKIKFFHL37CA,坡道機械,0,
RPWRMLPJKIKFFHL27CA,坡道機械,0,
RPRSMLPJKIKFFHL86CA,坡道機械,0,
RPSSMLPJKIKFFHL96CA,坡道平面,0,
RPOOMLRJKIKFFHL98CA,坡道機械,0,
RPXQMLOJKIKFFHL17CA,坡道平面,0,
RPPOMLRJKIKFFHL09CA,坡道平面,0,
RPTOMLRJKIKFFHL86CA,坡道平面,0,
RPVOMLRJKIKFFHL07CA,坡道機械,0,
RPXOMLRJKIKFFHL27CA,坡道機械,0,
RPWOMLRJKIKFFHL17CA,坡道機械,0,
RPSOMLRJKIKFFHL76CA,坡道機械,0,
RPROMLRJKIKFFHL66CA,坡道機械,0,
RPUOMLRJKIKFFHL96CA,坡道機械,0,
RPQOMLRJKIKFFHL56CA,坡道機械,0,
RPOPMLRJKIKFFHL09CA,坡道機械,0,
RPOPMLRJKIKFFHL09CA,坡道機械,0,
RPSPMLRJKIKFFHL86CA,坡道平面,0,
RPRPMLRJKIKFFHL76CA,坡道機械,0,
RPPPMLRJKIKFFHL56CA,坡道平面,0,
RPUPMLRJKIKFFHL07CA,坡道機械,0,
RPWPMLRJKIKFFHL27CA,坡道機械,0,
RPQPMLRJKIKFFHL66CA,坡道機械,0,
RPQPMLRJKIKFFHL66CA,坡道機械,0,
RPTPMLRJKIKFFHL96CA,坡道機械,0,
RPVPMLRJKIKFFHL17CA,坡道機械,0,
RPXPMLRJKIKFFHL37CA,坡道機械,0,
RPOQMLRJKIKFFHL56CA,坡道機械,0,
RPPQMLRJKIKFFHL66CA,坡道機械,0,
RPVQMLRJKIKFFHL27CA,坡道機械,0,
RPQQMLRJKIKFFHL76CA,坡道機械,0,
RPQQMLRJKIKFFHL76CA,坡道機械,0,
RPSQMLRJKIKFFHL96CA,坡道平面,0,
RPTQMLRJKIKFFHL07CA,坡道平面,0,
RPUQMLRJKIKFFHL17CA,坡道機械,0,
RPXQMLRJKIKFFHL47CA,坡道機械,0,
RPRQMLRJKIKFFHL86CA,坡道平面,0,
RPWQMLRJKIKFFHL37CA,坡道機械,0,
RPORMLRJKIKFFHL66CA,坡道機械,0,
RPPRMLRJKIKFFHL76CA,坡道機械,0,
RPPRMLRJKIKFFHL76CA,坡道機械,0,
RPRRMLRJKIKFFHL96CA,坡道機械,0,
RPQRMLRJKIKFFHL86CA,坡道平面,0,
RPSRMLRJKIKFFHL07CA,坡道平面,0,
RPWRMLRJKIKFFHL47CA,坡道平面,0,
RPXRMLRJKIKFFHL57CA,坡道平面,0,
RPOSMLRJKIKFFHL76CA,坡道平面,0,
RPTRMLRJKIKFFHL17CA,坡道機械,0,
RPVRMLRJKIKFFHL37CA,坡道平面,0,
RPURMLRJKIKFFHL27CA,坡道機械,0,
RPRSMLRJKIKFFHL07CA,坡道機械,0,
RPVSMLRJKIKFFHL47CA,坡道機械,0,
RPUSMLRJKIKFFHL37CA,坡道機械,0,
RPQSMLRJKIKFFHL96CA,坡道機械,0,
RPSSMLRJKIKFFHL17CA,坡道機械,0,
RPTSMLRJKIKFFHL27CA,坡道平面,0,
RPPSMLRJKIKFFHL86CA,坡道平面,0,
RPOPMLSJKIKFFCB67CA,坡道平面,0,33.01
RPOPMLSJKIKFFCB67CA,坡道平面,0,33.01
RPUPMLSJKIKFFCB28CA,坡道平面,0,33.01
RPUPMLSJKIKFFCB28CA,坡道平面,0,33.01
RPPNMLKKKIKFFCB86CA,坡道機械,0,
RPSPMLSJKIKFFCB08CA,坡道平面,0,33.01
RPWPMLSJKIKFFCB48CA,坡道平面,0,33.01
RPTPMLSJKIKFFCB18CA,坡道平面,0,33.01
RPTPMLSJKIKFFCB18CA,坡道平面,0,33.01
RPVNMLSKJIKFFGL96CA,坡道機械,0,
RPRNMLOJKIKFFFL68CA,坡道平面,1250000,26.70
RPQNMLOJKIKFFFL58CA,坡道平面,1150000,30.32
RPQNMLOJKIKFFFL58CA,坡道平面,1150000,30.32
RPSNMLOJKIKFFFL78CA,坡道平面,1350000,30.32
RPPNMLPJKIKFFFL58CA,坡道平面,0,
RPSNMLKLJIKFFFL48CA,坡道平面,0,23.97
RPUOMLNLKIKFFCB87CA,升降機械,0,16.87
RPWNMLTLJIKFFCB48CA,坡道平面,0,
RPWNMLTLJIKFFCB48CA,坡道平面,0,
RPQOMLTKJIKFFCB87CA,坡道平面,0,31.49
RPVNMLTKJIKFFCB28CA,坡道平面,0,21.34
RPWNMLTKJIKFFCB38CA,坡道機械,0,
RPPQMLSKJIKFFCB87CA,坡道平面,0,15.11
RPPQMLSKJIKFFCB87CA,坡道平面,0,15.11
RPPQMLSKJIKFFCB87CA,坡道平面,0,15.11
RPPQMLSKJIKFFCB87CA,坡道平面,0,13.63
RPUPMLQKJIKFFCB08CA,坡道平面,0,
SPPQMLSKJIKFFCB97CA,坡道平面,0,15.11
SPPQMLSKJIKFFCB97CA,坡道平面,0,13.63
SPPQMLSKJIKFFCB97CA,坡道平面,0,13.63
RPPQMLKLJIKFFCB17CA,坡道平面,0,28.56
RPPQMLKLJIKFFCB17CA,坡道平面,0,28.57
RPQNMLSKJIKFFCB67CA,坡道平面,0,28.18
RPQNMLSKJIKFFCB67CA,坡道平面,0,28.18
RPTOMLTJKIKFFBB08CA,坡道機械,0,
RPPNMLOKKIKFFCB27CA,一樓平面,0,
RPSOMLKLJIKFFBB17CA,坡道平面,0,28.99
RPSOMLKLJIKFFBB17CA,坡道平面,0,28.99
RPWOMLNJKIKFFBB77CA,坡道平面,0,31.10
RPPQMLTKJIKFFBB87CA,坡道平面,0,21.53
RPQOMLTKJIKFFBB77CA,升降機械,0,
RPUPMLSJKIKFFBB18CA,坡道平面,0,26.43
RPPOMLPLJIKFFCB47CA,坡道機械,0,
RPRRMLRKJIKFFBB97CA,坡道平面,0,
RPQNMLPLJIKFFAB27CA,坡道平面,1200000,30.09
RPPNMLKLJIKFFBB76CA,坡道平面,0,18.56
RPQNMLQLJIKFFAB37CA,坡道平面,0,22.62
RPQNMLQLJIKFFAB37CA,坡道平面,0,22.62
RPOPMLKLJIKFFAB76CA,坡道機械,0,14.93
RPPOMLTKJIKFFAB57CA,坡道平面,0,27.63
RPQPMLQKJIKFFAB47CA,坡道平面,0,
RPSOMLQKJIKFFAB57CA,坡道平面,0,24.59
RPRNMLOLJIKFFAB27CA,坡道平面,0,
RPSOMLKMJIKFFAB17CA,坡道平面,0,
RPROMLQKJIKFFAB47CA,坡道機械,0,
RPOOMLQKJIKFFAB17CA,坡道機械,0,
RPPNMLQKJIKFFAB17CA,坡道平面,0,20.41
RPTNMLQLJIKFFCB97DA,坡道平面,0,
RPTNMLQLJIKFFCB97DA,坡道平面,0,
RPTNMLQLJIKFFCB97DA,坡道平面,0,
RPTNMLSKJIKFFBB97DA,坡道機械,0,
RPSOMLSKJIKFFBB97DA,升降機械,0,13.20
RPRNMLRKQHNFFFB09EA,坡道平面,0,
RPPNMLSKJIKFFGL98CA,坡道機械,0,12.21
RPXPMLKKKIKFFAB67CA,升降平面,0,
RPROMLKMJIKFFGL68CA,坡道平面,1000000,39.22
RPUOMLKMJIKFFGL98CA,坡道平面,900000,39.22
RPUOMLKMJIKFFGL98CA,坡道平面,900000,39.22
TPUOMLKMJIKFFGL56CA,坡道平面,900000,39.22
TPUOMLKMJIKFFGL56CA,坡道平面,900000,39.22
SPUOMLKMJIKFFGL09CA,坡道平面,900000,39.22
SPUOMLKMJIKFFGL09CA,坡道平面,900000,39.22
RPSNMLNJKIKFFHL88CA,一樓平面,0,
RPUNMLRJKIKFFGL76CA,坡道平面,0,
RPSNMLOKKIKFFAB37CA,升降機械,0,
RPRNMLRJKIKFFGL09CA,坡道平面,0,
RPXOMLOKKIKFFAB97CA,升降平面,0,
RPXOMLOKKIKFFAB97CA,升降機械,0,
RPTNMLRKJIKFFAB67CA,坡道機械,0,
RPTOMLRKJIKFFAB77CA,坡道平面,0,
RPTOMLRKJIKFFAB77CA,坡道平面,0,
RPTOMLRKJIKFFAB77CA,坡道機械,0,
RPRNMLMJKIKFFAB96CA,坡道機械,0,
RPVPMLQLJIKFFAB08CA,坡道平面,0,18.57
RPTOMLRKJIKFFBB87CA,坡道平面,0,
RPTOMLRKJIKFFBB87CA,坡道平面,0,
RPVRMLTKJIKFFBB58CA,坡道平面,0,49.35
RPVRMLTKJIKFFBB58CA,坡道平面,0,49.35
RPWNMLOLJIKFFBB87CA,升降機械,0,
RPTNMLOLJIKFFBB57CA,坡道平面,0,
RPOQMLLJKIKFFBB96CA,坡道平面,0,24.79
RPPOMLSJKIKFFBB57CA,坡道平面,0,25.05
RPSPMLRJKIKFFBB87CA,坡道平面,0,
RPVOMLLJKIKFFBB47CA,坡道平面,0,24.80
RPQNMLPJKIKFFBB27CA,坡道機械,0,
RPPOMLQLJIKFFCB57CA,坡道平面,0,19.55
RPPOMLQLJIKFFCB57CA,坡道平面,0,19.55
RPQNMLOLJIKFFCB37CA,坡道平面,0,
RPVNMLPJKIKFFBB77CA,坡道機械,0,
RPRNMLSKJIKFFCB77CA,升降機械,0,
RPSPMLLKKIKFFBB37CA,坡道平面,0,
RPSPMLLKKIKFFBB37CA,坡道平面,0,
RPTOMLKLJIKFFCB37CA,坡道平面,0,
RPWOMLLJKIKFFCB67CA,坡道平面,0,33.07
RPWOMLLJKIKFFCB67CA,坡道平面,0,33.07
RPRPMLKMJIKFFCB37CA,坡道平面,0,33.39
RPRPMLKMJIKFFCB37CA,坡道平面,0,33.39
RPRPMLKMJIKFFCB37CA,坡道平面,0,33.39
RPRPMLKMJIKFFCB37CA,坡道平面,0,33.39
RPRPMLKMJIKFFCB37CA,坡道平面,0,33.39
RPRPMLKMJIKFFCB37CA,坡道平面,0,57.85
RPRPMLKMJIKFFCB37CA,坡道平面,0,57.85
RPVNMLTLJIKFFCB38CA,坡道平面,0,
RPRNMLKLJIKFFCB07CA,其他,0,
RPRNMLKLJIKFFCB07CA,其他,0,
RPRNMLKLJIKFFCB07CA,其他,0,
RPVQMLRLJIKFFCB48CA,坡道機械,0,
RPROMLKLJIKFFCB17CA,坡道平面,0,39.74
RPUNMLNJKIKFFCB57CA,坡道平面,0,22.28
RPVNMLOJKIKFFCL78CA,一樓平面,0,
RPQNMLRLJIKFFFL98CA,坡道機械,0,
RPUSMLLKKIKFFCB97CA,坡道平面,0,8.82
RPVSMLLKKIKFFCB08CA,坡道平面,0,8.82
RPTRMLLKKIKFFCB77CA,坡道機械,0,
RPRRMLOKKIKFFCB87CA,坡道平面,1300000,24.71
RPRRMLOKKIKFFCB87CA,坡道機械,600000,13.38
RPRRMLOKKIKFFCB87CA,坡道機械,600000,13.38
RPSQMLOKKIKFFCB87CA,坡道機械,0,
RPRPMLPKKIKFFCB77CA,坡道平面,0,
RPOQMLKKKIKFFFL38CA,坡道平面,0,26.40
RPROMLNJKIKFFFL68CA,升降機械,0,
RPXTMLQKKIKFFCB88CA,坡道平面,0,
RPXTMLQKKIKFFCB88CA,坡道平面,0,
RPXTMLQKKIKFFCB88CA,坡道平面,0,
RPXTMLQKKIKFFCB88CA,坡道平面,0,
RPVTMLQKKIKFFCB68CA,坡道平面,0,
RPVTMLQKKIKFFCB68CA,坡道平面,0,
RPVTMLQKKIKFFCB68CA,坡道平面,0,
RPVTMLQKKIKFFCB68CA,坡道平面,0,
RPQNMLNLJIKFFBL18CA,升降機械,0,
RPXRMLRLJIKFFCB78CA,坡道機械,0,
RPSNMLRLJIKFFCB87CA,坡道平面,0,24.76
RPQNMLTLJIKFFCB87CA,坡道平面,0,
RPQOMLKMJIKFFCB17CA,坡道機械,0,
RPQOMLLJKIKFFCB07CA,坡道平面,0,16.78
RPQOMLLJKIKFFCB07CA,坡道平面,0,16.78
RPWNMLKMJIKFFCB67CA,坡道機械,0,16.21
RPWNMLKMJIKFFCB67CA,坡道機械,0,16.21
RPVOMLKMJIKFFCB67CA,坡道平面,1400000,17.96
RPVOMLKMJIKFFCB67CA,坡道平面,1400000,17.96
RPWPMLKLJIKFFCB77CA,坡道機械,0,
RPVNMLSKJIKFFCB18CA,坡道機械,0,13.92
RPSQMLKLJIKFFCB47CA,坡道平面,0,
RPTPMLNLJIKFFCB77CA,坡道機械,0,
RPVPMLNLJIKFFCB97CA,升降機械,0,
RPQOMLOLJIKFFBB37CA,坡道平面,350000,
RPUOMLNLJIKFFCB77CA,坡道平面,0,31.47
RPUOMLQLJIKFFBB97CA,坡道平面,0,
RPUOMLQLJIKFFBB97CA,坡道平面,0,
RPWRMLLJKIKFFBB87CA,坡道平面,0,
RPWRMLLJKIKFFBB87CA,坡道平面,0,
RPRNMLNLJIKFFBB27CA,坡道平面,0,
RPSPMLRLJIKFFAB87CA,坡道機械,0,
RPWNMLMLJIKFFAB57CA,坡道平面,1150000,25.12
RPWNMLMLJIKFFAB57CA,坡道平面,1150000,25.12
RPQNMLNLJIKFFHL78CA,坡道平面,0,
RPPPMLQLJIKFFAB47CA,坡道平面,0,
RPQNMLTLJIKFFGL66CA,坡道機械,0,
RPRNMLMKKIKFFGL68CA,一樓平面,0,
RPQNMLKLJIKFFGL38CA,坡道機械,0,
RPVNMLKLJIKFFGL88CA,坡道機械,0,
RPQOMLRKJIKFFCB77DA,坡道平面,0,
RPTOMLLKKIKFFGL88CA,坡道平面,0,31.38
RPXPMLPLJIKFFCB48DA,坡道平面,0,
RPPOMLOLJIKFFIL98CA,坡道平面,0,
RPVPMLKKKIKFFBB67DA,坡道平面,0,28.10
RPVOMLQLJIKFFGL96CA,坡道平面,0,31.89
RPWOMLQLJIKFFGL07CA,坡道機械,0,
RPVNMLLJKIKFFHL98CA,坡道平面,0,26.88
RPURMLOJKIKFFHL96CA,坡道平面,900000,26.46
RPVRMLOJKIKFFHL07CA,坡道平面,1000000,26.46
RPXRMLOJKIKFFHL27CA,坡道平面,900000,26.46
RPWRMLOJKIKFFHL17CA,坡道平面,1000000,26.46
RPOSMLOJKIKFFHL09CA,坡道平面,900000,26.46
RPQSMLOJKIKFFHL66CA,坡道平面,1000000,26.46
RPPSMLOJKIKFFHL56CA,坡道平面,900000,26.46
RPRSMLOJKIKFFHL76CA,坡道平面,900000,26.46
RPSSMLOJKIKFFHL86CA,坡道平面,900000,26.46
RPTSMLOJKIKFFHL96CA,坡道平面,1000000,26.46
RPUSMLOJKIKFFHL07CA,坡道平面,900000,26.46
RPVSMLOJKIKFFHL17CA,坡道平面,900000,26.46
RPWSMLOJKIKFFHL27CA,坡道平面,900000,26.46
RPXSMLOJKIKFFHL37CA,坡道平面,900000,26.46
RPXSMLOJKIKFFHL37CA,坡道平面,900000,26.46
RPPTMLOJKIKFFHL66CA,坡道平面,900000,26.46
RPOTMLOJKIKFFHL56CA,坡道平面,900000,26.46
RPQTMLOJKIKFFHL76CA,坡道平面,900000,24.80
RPRTMLOJKIKFFHL86CA,坡道平面,800000,24.80
RPOOMLNLJIKFFAB96CA,坡道平面,0,32.69
RPRPMLLJKIKFFAB07CA,坡道機械,0,
RPSNMLKLJIKFFAB96CA,坡道機械,0,9.00
RPSNMLKLJIKFFAB96CA,坡道機械,0,9.00
RPRNMLPLJIKFFAB37CA,坡道平面,0,
RPUPMLPKKIKFFHL96CA,坡道平面,0,
RPPPMLKLJIKFFBB96CA,坡道平面,0,
RPQOMLKLJIKFFBB96CA,坡道平面,0,24.80
RPVNMLKLJIKFFBB37CA,坡道機械,0,7.29
RPWOMLQLJIKFFBB18CA,坡道機械,0,
RPVNMLPLJIKFFBB87CA,坡道機械,0,
RPQQMLLJKIKFFBB17CA,坡道平面,0,24.91
RPUNMLRLJIKFFBB97CA,坡道平面,0,
RPUNMLPJKIKFFBB67CA,坡道平面,0,
RPROMLQLJIKFFCB77CA,坡道平面,0,33.07
RPROMLQLJIKFFCB77CA,坡道平面,0,33.07
RPWPMLQLJIKFFCB38CA,坡道平面,0,
RPWPMLQLJIKFFCB38CA,坡道平面,0,
RPOPMLSKJIKFFCB67CA,坡道機械,0,
RPOPMLSKJIKFFCB67CA,坡道機械,0,
RPSNMLKLJIKFFCB17CA,坡道平面,0,28.59
RPROMLTKJIKFFCB97CA,坡道機械,0,23.34
RPROMLTKJIKFFCB97CA,坡道機械,0,23.34
RPTNMLTLJIKFFCB18CA,坡道機械,0,28.34
RPQQMLKLJIKFFCB27CA,坡道平面,0,23.61
RPXQMLNJKIKFFCB18CA,坡道平面,0,39.74
RPTQMLRLJIKFFCB28CA,坡道機械,0,
RPRNMLPLJIKFFCB57CA,坡道平面,0,
RPQQMLOKKIKFFBB57CA,坡道機械,0,
RPPOMLTKJIKFFAL58CA,升降機械,450000,28.20
RPOTMLQKKIKFFCB97CA,坡道平面,0,
RPPNMLNLJIKFFFL48CA,坡道機械,0,10.67
RPUSMLQKKIKFFCB48CA,坡道機械,0,
RPRNMLQKKIKFFCB67CA,坡道平面,0,22.94
RPRNMLQKKIKFFCB67CA,坡道平面,0,22.94
RPTNMLQKKIKFFCB87CA,坡道平面,0,21.37
RPTNMLQKKIKFFCB87CA,坡道平面,0,22.94
RPUNMLQKKIKFFCB97CA,坡道機械,0,11.19
RPUNMLQKKIKFFCB97CA,坡道機械,0,11.19
RPUNMLQKKIKFFCB97CA,坡道平面,0,22.94
RPORMLRKKIKFFCB87CA,坡道平面,0,21.37
RPVRMLRKKIKFFCB58CA,坡道平面,0,22.94
RPURMLRKKIKFFCB48CA,坡道機械,0,11.19
RPURMLRKKIKFFCB48CA,坡道機械,0,11.19
RPTSMLRKKIKFFCB48CA,坡道平面,0,22.94
RPTSMLRKKIKFFCB48CA,坡道平面,0,22.94
RPTSMLRKKIKFFCB48CA,坡道平面,0,21.37
RPTSMLRKKIKFFCB48CA,坡道機械,0,11.19
RPTSMLRKKIKFFCB48CA,坡道機械,0,11.19
RPRRMLRKKIKFFCB18CA,坡道平面,0,21.37
RPRRMLRKKIKFFCB18CA,坡道平面,0,22.94
RPVNMLQKKIKFFCB08CA,坡道平面,0,21.37
RPVNMLQKKIKFFCB08CA,坡道平面,0,21.37
RPSOMLQKKIKFFCB87CA,坡道平面,0,22.94
RPSOMLQKKIKFFCB87CA,坡道機械,0,11.19
RPSOMLQKKIKFFCB87CA,坡道機械,0,11.19
RPWNMLPKKIKFFCB08CA,坡道平面,0,22.94
RPWNMLPKKIKFFCB08CA,坡道平面,0,22.94
RPPOMLQKKIKFFCB57CA,坡道平面,0,21.37
RPPOMLQKKIKFFCB57CA,坡道平面,0,22.94
RPPOMLQKKIKFFCB57CA,坡道平面,0,22.94
RPXNMLQKKIKFFCB28CA,坡道平面,0,22.94
RPXNMLQKKIKFFCB28CA,坡道機械,0,11.19
RPXNMLQKKIKFFCB28CA,坡道機械,0,11.19
RPRPMLQKKIKFFCB87CA,坡道平面,0,22.94
RPRPMLQKKIKFFCB87CA,坡道機械,0,10.19
RPRPMLQKKIKFFCB87CA,坡道機械,0,10.19
RPSPMLQKKIKFFCB97CA,坡道平面,0,21.37
RPRRMLLKKIKFFCB57CA,升降機械,0,11.57
RPUOMLSJKIKFFCB18CA,坡道平面,0,31.47
RPTRMLSJKIKFFCB38CA,坡道機械,0,11.57
RPUOMLPKKIKFFCB97CA,坡道平面,0,22.94
RPUOMLPKKIKFFCB97CA,坡道機械,0,11.19
RPUOMLPKKIKFFCB97CA,坡道機械,0,11.19
RPWOMLPKKIKFFCB18CA,坡道機械,0,11.19
RPWOMLPKKIKFFCB18CA,坡道機械,0,11.19
RPTOMLPKKIKFFCB87CA,坡道平面,0,21.37
RPTOMLPKKIKFFCB87CA,坡道機械,0,10.19
RPTOMLPKKIKFFCB87CA,坡道機械,0,10.19
RPXSMLQKKIKFFCB78CA,坡道機械,0,
RPTPMLRKKIKFFCB18CA,坡道平面,0,26.14
RPTPMLRKKIKFFCB18CA,坡道平面,0,26.14
RPRTMLQKKIKFFCB28CA,坡道平面,0,
RPRQMLSKKIKFFCB18CA,坡道平面,0,31.36
RPPNMLTLJIKFFFL09CA,升降機械,0,6.52
RPUQMLRLJIKFFCB38CA,坡道平面,0,
RPUQMLRLJIKFFCB38CA,坡道平面,0,
RPUNMLTLJIKFFCB28CA,坡道機械,0,
RPTQMLNLJIKFFCB87CA,坡道平面,0,15.11
RPTQMLNLJIKFFCB87CA,坡道平面,0,15.11
RPSOMLKLJIKFFCB27CA,坡道平面,0,29.61
RPVQMLKLJIKFFCB77CA,坡道平面,0,22.90
RPPPMLKLJIKFFCB07CA,坡道機械,0,12.00
RPXOMLKLJIKFFCB77CA,坡道平面,0,27.00
RPUQMLNLJIKFFCB97CA,坡道平面,1500000,15.11
RPRNMLQLJIKFFBB57CA,坡道平面,0,30.58
RPQOMLNJKIKFFBB17CA,坡道平面,0,28.68
RPSNMLPJKIKFFBB47CA,坡道平面,0,
RPQNMLRLJIKFFBB57CA,升降機械,0,19.57
RPVPMLKLJIKFFBB57CA,坡道平面,0,22.60
RPQNMLRLJIKFFBB57CA,升降機械,0,19.57
RPVPMLOLJIKFFBB97CA,坡道平面,1200000,32.06
RPWPMLOLJIKFFBB08CA,坡道平面,1100000,32.06
RPWPMLOLJIKFFBB08CA,坡道平面,1100000,32.06
RPPQMLOLJIKFFBB47CA,坡道平面,1100000,32.06
RPOQMLOLJIKFFBB37CA,坡道平面,1100000,32.06
RPOQMLOLJIKFFBB37CA,坡道平面,1100000,32.06
RPSOMLOLJIKFFBB57CA,坡道平面,0,31.67
RPUPMLOLJIKFFBB87CA,坡道平面,1100000,32.06
RPUPMLOLJIKFFBB87CA,坡道平面,1100000,32.06
RPWNMLRLJIKFFAB08CA,坡道平面,0,12.97
RPWNMLRLJIKFFAB08CA,坡道平面,0,12.97
RPWNMLRLJIKFFAB08CA,坡道機械,0,6.02
RPWNMLRLJIKFFAB08CA,坡道機械,0,6.02
RPWNMLRLJIKFFAB08CA,坡道機械,0,6.02
RPWNMLRLJIKFFAB08CA,坡道機械,0,6.02
RPWNMLRLJIKFFAB08CA,坡道機械,0,6.02
RPVOMLNLJIKFFAB67CA,坡道平面,0,30.09
RPVNMLTJKIKFFHL17CA,坡道機械,0,
RPVNMLTJKIKFFHL17CA,坡道機械,0,
RPWNMLTJKIKFFHL27CA,坡道平面,0,
RPWNMLTJKIKFFHL27CA,坡道平面,0,
RPQPMLPKKIKFFHL56CA,坡道平面,0,
RPQPMLPKKIKFFHL56CA,坡道機械,0,
RPQNMLKKKIKFFHL48CA,一樓平面,0,
RPWSMLRJKIKFFHL57CA,坡道平面,0,
RPSTMLRJKIKFFHL27CA,坡道平面,0,
RPOTMLRJKIKFFHL86CA,坡道機械,0,
RPQTMLRJKIKFFHL07CA,坡道機械,0,
RPRTMLRJKIKFFHL17CA,坡道機械,0,
RPPTMLRJKIKFFHL96CA,坡道機械,0,
RPTTMLRJKIKFFHL37CA,坡道機械,0,
RPUTMLRJKIKFFHL47CA,坡道機械,0,
RPVTMLRJKIKFFHL57CA,坡道平面,0,
RPWNMLOLJIKFFGL76CA,坡道平面,0,33.09
RPWNMLOLJIKFFGL76CA,坡道平面,0,31.05
RPRNMLMKKIKFFFL58CA,坡道機械,0,6.05
RPVOMLSJKIKFFCB38DA,坡道平面,0,
RPVNMLNLJIKFFGL56CA,坡道機械,0,
RPQOMLRLJIKFFGL56CA,升降機械,0,
RPUNMLOLJIKFFCB87DA,坡道機械,0,
RPWNMLSJKIKFFGL07CA,坡道平面,0,
RPWOMLKKKIKFFHL56CA,坡道平面,0,35.78
RPPNMLOJKIKFFGL58CA,坡道平面,0,31.89
RPROMLNLJIKFFAB27CA,坡道平面,0,29.80
RPQOMLLJKIKFFAB86CA,坡道機械,0,
RPPOMLPJKIKFFAB17CA,坡道平面,0,23.16
RPPOMLPJKIKFFAB17CA,坡道平面,0,23.16
RPOOMLPJKIKFFAB07CA,坡道平面,0,26.84
RPPNMLPJKIKFFAB07CA,坡道平面,0,26.84
RPPNMLPJKIKFFAB07CA,坡道平面,0,26.84
RPQNMLPJKIKFFAB17CA,坡道平面,0,26.84
RPRNMLPJKIKFFAB27CA,坡道平面,0,26.84
RPQOMLPJKIKFFAB27CA,坡道平面,0,26.84
RPPPMLRJKIKFFAB47CA,坡道平面,0,
RPPNMLPLJIKFFAB17CA,坡道機械,0,15.84
RPPQMLRKKIKFFAB67CA,坡道平面,0,26.84
RPRQMLRKKIKFFAB87CA,坡道平面,0,26.84
RPVNMLSKKIKFFAB08CA,坡道平面,0,26.84
RPOOMLSKKIKFFAB47CA,坡道平面,0,26.84
RPOOMLSKKIKFFAB47CA,坡道平面,0,26.84
RPQQMLRKKIKFFAB77CA,坡道平面,0,26.84
RPROMLSKKIKFFAB77CA,坡道平面,0,26.84
RPUOMLSKKIKFFAB08CA,坡道平面,0,26.84
RPUNMLNLJIKFFBB57CA,坡道機械,0,
RPSPMLOLJIKFFBB67CA,坡道機械,0,
RPTPMLPLJIKFFBB87CA,坡道平面,0,
RPQOMLRLJIKFFBB67CA,坡道機械,0,
RPTSMLLKKIKFFBB77CA,坡道機械,0,
RPPNMLSLJIKFFBB57CA,坡道平面,0,24.91
RPQNMLLJKIKFFBB86CA,坡道機械,0,
RPTRMLKKKIKFFBB57CA,坡道機械,0,12.38
RPOPMLRLJIKFFCB67CA,坡道平面,0,
RPURMLKKKIKFFBB67CA,坡道平面,0,21.53
RPSOMLKMJIKFFCB37CA,坡道平面,0,39.32
RPUPMLOLJIKFFCB97CA,坡道機械,0,
RPXPMLQKKIKFFBB38CA,坡道平面,0,
RPWNMLRKKIKFFBB18CA,坡道平面,1100000,34.73
RPVNMLRKKIKFFBB08CA,坡道平面,950000,34.73
RPUNMLRKKIKFFBB97CA,坡道平面,660000,37.73
RPTOMLRKKIKFFBB97CA,坡道平面,950000,34.73
RPXNMLRKKIKFFBB28CA,坡道平面,1200000,34.73
RPXNMLRKKIKFFBB28CA,坡道平面,1100000,32.77
RPSOMLRKKIKFFBB87CA,坡道平面,1000000,34.73
RPUOMLRKKIKFFBB08CA,坡道平面,950000,34.73
SPRPMLRKKIKFFBB97CA,坡道平面,1000000,34.73
RPOPMLRKKIKFFBB57CA,坡道平面,950000,34.73
RPXOMLRKKIKFFBB38CA,坡道平面,900000,32.77
RPRPMLRKKIKFFBB87CA,坡道平面,1000000,34.73
RPWOMLRKKIKFFBB28CA,坡道平面,1050000,34.73
RPVOMLRKKIKFFBB18CA,坡道平面,0,34.73
RPXPMLRKKIKFFBB48CA,坡道平面,950000,34.73
RPPPMLRKKIKFFBB67CA,坡道平面,1000000,32.77
RPWPMLRKKIKFFBB38CA,坡道平面,1150000,34.73
RPWPMLRKKIKFFBB38CA,坡道平面,1150000,34.73
RPOQMLRKKIKFFBB67CA,坡道平面,850000,32.77
RPTPMLRKKIKFFBB08CA,坡道平面,950000,34.73
RPTPMLRKKIKFFBB08CA,坡道平面,950000,34.73
RPUPMLRKKIKFFBB18CA,坡道平面,1050000,32.77
RPUPMLRKKIKFFBB18CA,坡道平面,1050000,32.77
RPPQMLRKKIKFFBB77CA,坡道平面,1000000,34.73
RPRQMLRKKIKFFBB97CA,坡道平面,950000,34.73
RPOTMLRKKIKFFBB97CA,坡道平面,1250000,26.64
RPPTMLRKKIKFFBB08CA,坡道機械,580000,13.32
RPQNMLSKKIKFFBB67CA,坡道平面,950000,34.73
RPRNMLSKKIKFFBB77CA,坡道平面,1050000,34.73
RPVNMLSKKIKFFBB18CA,坡道平面,1050000,34.73
RPWNMLSKKIKFFBB28CA,坡道平面,1100000,34.73
RPXNMLSKKIKFFBB38CA,坡道平面,1200000,34.73
RPTNMLSKKIKFFBB97CA,坡道平面,1050000,34.73
RPQOMLSKKIKFFBB77CA,坡道平面,1050000,34.73
RPPOMLSKKIKFFBB67CA,坡道平面,950000,34.73
RPUNMLSKKIKFFBB08CA,坡道平面,1040000,34.73
RPTOMLSKKIKFFBB08CA,坡道平面,950000,34.73
RPTOMLSKKIKFFBB08CA,坡道平面,950000,34.73
RPSPMLOKKIKFFBB67CA,坡道機械,0,
RPSOMLSKKIKFFBB97CA,坡道平面,1100000,34.73
RPUOMLSKKIKFFBB18CA,坡道平面,1000000,32.77
RPUOMLSKKIKFFBB18CA,坡道平面,1100000,34.73
RPXOMLSKKIKFFBB48CA,坡道平面,0,34.73
RPVOMLSKKIKFFBB28CA,坡道平面,1000000,34.73
RPPPMLSKKIKFFBB77CA,坡道平面,660000,34.73
RPOPMLSKKIKFFBB67CA,坡道平面,950000,34.73
RPWOMLSKKIKFFBB38CA,坡道平面,0,32.77
RPRPMLSKKIKFFBB97CA,坡道平面,0,34.73
RPVRMLSKKIKFFBB58CA,坡道平面,1050000,34.73
RPSQMLSKKIKFFBB18CA,坡道平面,950000,34.73
RPQSMLSKKIKFFBB18CA,坡道平面,1000000,34.73
RPSSMLSKKIKFFBB38CA,坡道平面,950000,34.73
RPSSMLSKKIKFFBB38CA,坡道平面,850000,32.77
RPRQMLSKKIKFFBB08CA,坡道平面,1000000,34.73
RPRQMLSKKIKFFBB08CA,坡道平面,900000,32.77
RPTRMLSKKIKFFBB38CA,坡道平面,1050000,34.73
RPTRMLSKKIKFFBB38CA,坡道平面,950000,32.77
RPTSMLSKKIKFFBB48CA,坡道平面,0,32.77
RPTSMLSKKIKFFBB48CA,坡道平面,0,32.77
RPOSMLSKKIKFFBB97CA,坡道平面,0,34.73
RPPSMLSKKIKFFBB08CA,坡道平面,1050000,34.73
RPRSMLSKKIKFFBB28CA,坡道平面,1100000,34.73
SPRUMLSKKIKFFBB58CA,坡道平面,0,
SPRUMLSKKIKFFBB58CA,坡道平面,0,
RPVSMLSKKIKFFBB68CA,坡道平面,1050000,34.73
RPUSMLSKKIKFFBB58CA,坡道平面,1150000,34.73
RPWSMLSKKIKFFBB78CA,坡道平面,1200000,34.73
RPRUMLSKKIKFFBB48CA,坡道平面,0,
RPRUMLSKKIKFFBB48CA,坡道平面,0,
WPRUMLSKKIKFFBB98CA,坡道平面,0,
WPRUMLSKKIKFFBB98CA,坡道平面,0,
WPRUMLSKKIKFFBB98CA,坡道平面,0,
UPRUMLSKKIKFFBB78CA,坡道平面,0,
UPRUMLSKKIKFFBB78CA,坡道平面,0,
UPRUMLSKKIKFFBB78CA,坡道平面,0,
TPRUMLSKKIKFFBB68CA,坡道平面,0,
TPRUMLSKKIKFFBB68CA,坡道平面,0,
VPRUMLSKKIKFFBB88CA,坡道平面,0,
VPRUMLSKKIKFFBB88CA,坡道平面,0,
RPTNMLOJKIKFFFL88CA,坡道平面,1350000,30.32
RPUNMLOJKIKFFFL98CA,坡道平面,1250000,26.70
RPVNMLOJKIKFFFL09CA,坡道平面,900000,26.70
RPPRMLQKKIKFFCB87CA,坡道平面,0,25.60
RPPRMLQKKIKFFCB87CA,坡道平面,0,26.82
RPWRMLQKKIKFFCB58CA,坡道平面,1200000,26.82
RPWRMLQKKIKFFCB58CA,坡道平面,1200000,26.82
RPTQMLQKKIKFFCB18CA,坡道平面,1200000,26.82
RPTQMLQKKIKFFCB18CA,坡道平面,1200000,26.82
RPXQMLQKKIKFFCB58CA,坡道平面,0,25.60
RPSRMLQKKIKFFCB18CA,坡道平面,1300000,26.82
RPSRMLQKKIKFFCB18CA,坡道平面,1300000,26.82
RPXRMLQKKIKFFCB68CA,坡道平面,1300000,26.82
RPXRMLQKKIKFFCB68CA,坡道平面,1000000,25.60
RPVRMLQKKIKFFCB48CA,坡道平面,1500000,26.82
RPVRMLQKKIKFFCB48CA,坡道平面,1100000,25.60
RPUQMLPKKIKFFCB18CA,坡道平面,1200000,26.82
RPUQMLPKKIKFFCB18CA,坡道平面,1200000,26.82
RPOQMLPKKIKFFCB57CA,坡道平面,1100000,26.82
RPOQMLPKKIKFFCB57CA,坡道平面,1100000,26.82
RPWQMLPKKIKFFCB38CA,坡道平面,1200000,26.82
RPWQMLPKKIKFFCB38CA,坡道平面,1200000,26.82
RPTQMLPKKIKFFCB08CA,坡道平面,1400000,25.60
RPTQMLPKKIKFFCB08CA,坡道平面,1400000,25.60
RPRQMLPKKIKFFCB87CA,坡道平面,1200000,26.82
RPRQMLPKKIKFFCB87CA,坡道平面,1200000,26.82
RPPQMLPKKIKFFCB67CA,坡道平面,1300000,26.82
RPPQMLPKKIKFFCB67CA,坡道平面,1300000,26.82
RPQQMLPKKIKFFCB77CA,坡道平面,1800000,26.82
RPQQMLPKKIKFFCB77CA,坡道平面,1800000,26.82
RPSQMLPKKIKFFCB97CA,坡道平面,1300000,26.82
RPSQMLPKKIKFFCB97CA,坡道平面,1300000,26.82
RPSQMLPKKIKFFCB97CA,坡道平面,1300000,26.82
RPXQMLPKKIKFFCB48CA,坡道平面,1100000,25.60
RPXQMLPKKIKFFCB48CA,坡道平面,1100000,25.60
RPVQMLPKKIKFFCB28CA,坡道平面,1200000,26.82
RPVQMLPKKIKFFCB28CA,坡道平面,1200000,26.82
RPXPMLQKKIKFFCB48CA,坡道平面,0,23.07
RPXPMLQKKIKFFCB48CA,坡道平面,0,20.05
RPQQMLQKKIKFFCB87CA,坡道平面,1200000,26.82
RPQQMLQKKIKFFCB87CA,坡道平面,1200000,26.82
RPRQMLQKKIKFFCB97CA,坡道平面,1100000,25.60
RPRQMLQKKIKFFCB97CA,坡道平面,1100000,25.60
RPORMLPKKIKFFCB67CA,坡道平面,1000000,33.83
RPORMLPKKIKFFCB67CA,坡道機械,500000,19.33
RPPRMLPKKIKFFCB77CA,坡道機械,600000,19.33
RPTOMLRJKIKFFCB97CA,坡道平面,0,
RPTQMLSJKIKFFCB28CA,坡道平面,0,23.14
RPQRMLPKKIKFFCB87CA,坡道平面,1100000,33.83
RPRRMLPKKIKFFCB97CA,坡道平面,1110000,33.83
RPSRMLPKKIKFFCB08CA,坡道機械,500000,19.33
RPRSMLQKKIKFFCB18CA,坡道平面,1300000,24.71
RPQSMLQKKIKFFCB08CA,坡道平面,1300000,24.71
RPSOMLRJKIKFFCB87CA,坡道平面,0,26.82
RPSOMLRJKIKFFCB87CA,坡道平面,0,26.82
RPOQMLKKKIKFFCB07CA,升降平面,0,
RPTRMLPKKIKFFCB18CA,坡道機械,500000,19.33
RPSQMLKKKIKFFCB47CA,坡道平面,0,31.49
RPSQMLKKKIKFFCB47CA,坡道機械,0,23.34
RPSQMLKKKIKFFCB47CA,坡道機械,0,23.34
RPURMLPKKIKFFCB28CA,坡道機械,600000,19.33
RPURMLPKKIKFFCB28CA,坡道機械,600000,19.33
RPXOMLRKKIKFFCB48CA,坡道平面,0,29.84
RPXOMLRKKIKFFCB48CA,坡道平面,0,29.84
RPXOMLRKKIKFFCB48CA,坡道平面,0,29.84
RPVOMLRKKIKFFCB28CA,坡道平面,0,29.84
RPVOMLRKKIKFFCB28CA,坡道平面,0,29.84
RPVOMLRKKIKFFCB28CA,坡道平面,0,29.84
RPPOMLSKKIKFFCB77CA,坡道平面,1000000,33.83
RPXNMLSKKIKFFCB48CA,坡道機械,600000,19.33
RPVNMLSKKIKFFCB28CA,坡道平面,1000000,33.83
RPWNMLSKKIKFFCB38CA,坡道機械,600000,19.33
RPRNMLTKKIKFFCB97CA,坡道平面,1100000,33.83
RPSNMLTKKIKFFCB08CA,坡道機械,600000,19.33
RPQNMLTKKIKFFCB87CA,坡道平面,1000000,33.83
RPPNMLTKKIKFFCB77CA,坡道機械,500000,19.33
RPXNMLTKKIKFFCB58CA,坡道平面,1000000,33.83
RPUNMLTKKIKFFCB28CA,坡道平面,1050000,33.83
RPUNMLTKKIKFFCB28CA,坡道平面,1050000,33.83
RPQOMLTKKIKFFCB97CA,坡道平面,1100000,33.83
RPROMLTKKIKFFCB08CA,坡道平面,1100000,33.83
RPVNMLTKKIKFFCB38CA,坡道平面,1000000,33.83
RPOOMLTKKIKFFCB77CA,坡道平面,1100000,33.83
RPOOMLTKKIKFFCB77CA,坡道平面,1100000,33.83
RPOOMLTKKIKFFCB77CA,坡道機械,600000,19.33
RPQQMLSKKIKFFCB08CA,坡道平面,0,32.11
RPRNMLLLKIKFFCB27CA,坡道平面,1000000,33.83
RPUOMLLLKIKFFCB67CA,坡道平面,1200000,17.27
RPUOMLLLKIKFFCB67CA,坡道平面,1100000,14.76
RPUOMLLLKIKFFCB67CA,坡道平面,1100000,14.76
RPWOMLLLKIKFFCB87CA,坡道平面,1200000,17.27
RPWOMLLLKIKFFCB87CA,坡道機械,700000,8.35
SPUOMLLLKIKFFCB77CA,坡道機械,750000,8.35
SPUOMLLLKIKFFCB77CA,坡道機械,650000,8.35
RPQNMLLLKIKFFCB17CA,坡道平面,1000000,33.83
RPOPMLLLKIKFFCB17CA,坡道平面,1450000,17.27
RPOPMLLLKIKFFCB17CA,坡道機械,750000,8.35
RPOPMLLLKIKFFCB17CA,坡道機械,650000,8.35
RPQPMLLLKIKFFCB37CA,坡道平面,1200000,17.27
RPQPMLLLKIKFFCB37CA,坡道平面,1200000,17.27
RPRPMLLLKIKFFCB47CA,坡道平面,1200000,17.27
RPRPMLLLKIKFFCB47CA,坡道機械,750000,8.35
RPSPMLLLKIKFFCB57CA,坡道平面,1200000,17.27
RPSPMLLLKIKFFCB57CA,坡道平面,1200000,17.27
RPTQMLLLKIKFFCB77CA,坡道平面,1450000,17.27
RPTQMLLLKIKFFCB77CA,坡道機械,750000,8.35
RPTQMLLLKIKFFCB77CA,坡道機械,650000,8.35
RPUQMLLLKIKFFCB87CA,坡道平面,1200000,17.27
RPVQMLLLKIKFFCB97CA,坡道平面,1450000,17.27
RPUQMLLLKIKFFCB87CA,坡道平面,1200000,17.27
RPWQMLLLKIKFFCB08CA,坡道平面,1450000,17.27
RPVQMLLLKIKFFCB97CA,坡道機械,750000,8.35
RPWQMLLLKIKFFCB08CA,坡道平面,1450000,17.27
RPVQMLLLKIKFFCB97CA,坡道機械,650000,8.35
RPPRMLLLKIKFFCB47CA,坡道平面,1200000,17.27
RPPRMLLLKIKFFCB47CA,坡道平面,1200000,17.27
RPXQMLLLKIKFFCB18CA,坡道平面,1450000,17.27
RPXQMLLLKIKFFCB18CA,坡道平面,1450000,17.27
RPQRMLLLKIKFFCB57CA,坡道平面,1450000,17.27
RPQRMLLLKIKFFCB57CA,坡道機械,750000,8.35
RPOQMLLLKIKFFCB27CA,坡道平面,1650000,17.27
RPOQMLLLKIKFFCB27CA,坡道平面,1650000,17.27
RPTRMLLLKIKFFCB87CA,坡道平面,1450000,17.27
RPURMLLLKIKFFCB97CA,坡道平面,1450000,17.27
RPURMLLLKIKFFCB97CA,坡道平面,1450000,17.27
RPORMLLLKIKFFCB37CA,坡道平面,1650000,17.27
RPORMLLLKIKFFCB37CA,坡道平面,1650000,17.27
RPXPMLLLKIKFFCB08CA,坡道平面,1650000,17.27
RPXPMLLLKIKFFCB08CA,坡道平面,1650000,17.27
RPRRMLLLKIKFFCB67CA,坡道平面,1450000,17.27
RPRRMLLLKIKFFCB67CA,坡道機械,750000,8.35
RPRRMLLLKIKFFCB67CA,坡道機械,650000,8.35
RPVRMLLLKIKFFCB08CA,坡道平面,1200000,17.27
RPVRMLLLKIKFFCB08CA,坡道機械,750000,8.35
RPVRMLLLKIKFFCB08CA,坡道機械,650000,8.35
RPSRMLLLKIKFFCB77CA,坡道平面,1450000,17.27
RPSRMLLLKIKFFCB77CA,坡道平面,1450000,17.27
RPQQMLLLKIKFFCB47CA,坡道平面,1100000,14.76
RPQQMLLLKIKFFCB47CA,坡道機械,750000,8.35
RPQQMLLLKIKFFCB47CA,坡道機械,650000,8.35
RPPQMLLLKIKFFCB37CA,坡道平面,1200000,17.27
RPPQMLLLKIKFFCB37CA,坡道機械,750000,8.35
RPPQMLLLKIKFFCB37CA,坡道機械,650000,8.35
RPUPMLLLKIKFFCB77CA,坡道平面,1750000,17.27
RPUPMLLLKIKFFCB77CA,坡道平面,1750000,17.27
RPTSMLLLKIKFFCB97CA,坡道平面,1450000,17.27
RPTSMLLLKIKFFCB97CA,坡道平面,1450000,17.27
RPTSMLLLKIKFFCB97CA,坡道機械,750000,8.35
RPTSMLLLKIKFFCB97CA,坡道機械,650000,8.35
RPSSMLLLKIKFFCB87CA,坡道平面,1650000,14.76
RPSSMLLLKIKFFCB87CA,坡道平面,1650000,14.76
RPRSMLLLKIKFFCB77CA,坡道平面,1100000,14.76
RPXRMLLLKIKFFCB28CA,坡道平面,1100000,14.76
RPVSMLLLKIKFFCB18CA,坡道平面,1450000,17.27
RPVSMLLLKIKFFCB18CA,坡道平面,1450000,17.27
RPVSMLLLKIKFFCB18CA,坡道機械,750000,8.35
RPOSMLLLKIKFFCB47CA,坡道平面,1650000,17.27
RPOSMLLLKIKFFCB47CA,坡道平面,1650000,17.27
RPUSMLLLKIKFFCB08CA,坡道平面,1200000,17.27
RPUSMLLLKIKFFCB08CA,坡道平面,1200000,17.27
RPWSMLLLKIKFFCB28CA,坡道平面,1450000,17.27
RPWSMLLLKIKFFCB28CA,坡道平面,1450000,17.27
RPXSMLLLKIKFFCB38CA,坡道平面,1350000,14.76
RPXSMLLLKIKFFCB38CA,坡道機械,750000,8.35
RPXSMLLLKIKFFCB38CA,坡道機械,650000,8.35
RPOTMLLLKIKFFCB57CA,坡道機械,750000,8.35
RPOTMLLLKIKFFCB57CA,坡道機械,650000,8.35
RPQTMLLLKIKFFCB77CA,坡道平面,1750000,17.27
RPQTMLLLKIKFFCB77CA,坡道平面,1750000,17.27
RPXTMLLLKIKFFCB48CA,坡道平面,1450000,17.27
RPXTMLLLKIKFFCB48CA,坡道平面,1450000,17.27
RPTUMLLLKIKFFCB18CA,坡道平面,1650000,17.27
RPTUMLLLKIKFFCB18CA,坡道平面,1650000,17.27
RPPUMLLLKIKFFCB77CA,坡道平面,1450000,17.27
RPPUMLLLKIKFFCB77CA,坡道平面,1450000,17.27
RPSUMLLLKIKFFCB08CA,坡道平面,1450000,17.27
RPSUMLLLKIKFFCB08CA,坡道平面,1350000,14.76
RPTTMLLLKIKFFCB08CA,坡道平面,1750000,17.27
RPTTMLLLKIKFFCB08CA,坡道平面,1750000,17.27
RPRTMLLLKIKFFCB87CA,坡道平面,1750000,17.27
RPRTMLLLKIKFFCB87CA,坡道平面,1750000,17.27
RPRTMLLLKIKFFCB87CA,坡道平面,1750000,17.27
RPPTMLLLKIKFFCB67CA,坡道平面,1450000,17.27
RPPTMLLLKIKFFCB67CA,坡道平面,1450000,17.27
RPPTMLLLKIKFFCB67CA,坡道機械,750000,8.35
RPPTMLLLKIKFFCB67CA,坡道機械,700000,8.35
RPPTMLLLKIKFFCB67CA,坡道機械,700000,8.35
RPUTMLLLKIKFFCB18CA,坡道平面,1100000,14.76
RPUTMLLLKIKFFCB18CA,坡道機械,650000,8.35
RPUUMLLLKIKFFCB28CA,坡道平面,1450000,17.27
RPUUMLLLKIKFFCB28CA,坡道平面,1350000,14.76
RPUUMLLLKIKFFCB28CA,坡道平面,1350000,14.76
RPWUMLLLKIKFFCB48CA,坡道平面,1200000,17.27
RPWUMLLLKIKFFCB48CA,坡道平面,1200000,17.27
RPPVMLLLKIKFFCB87CA,坡道機械,750000,8.35
RPPVMLLLKIKFFCB87CA,坡道機械,700000,8.35
RPPVMLLLKIKFFCB87CA,坡道機械,700000,8.35
RPRVMLLLKIKFFCB08CA,坡道平面,1450000,17.27
RPRVMLLLKIKFFCB08CA,坡道平面,1350000,14.76
RPTVMLLLKIKFFCB28CA,坡道平面,1650000,17.27
RPTVMLLLKIKFFCB28CA,坡道平面,1650000,17.27
RPTVMLLLKIKFFCB28CA,坡道平面,1550000,14.76
RPXVMLLLKIKFFCB68CA,坡道平面,1100000,14.76
RPXVMLLLKIKFFCB68CA,坡道機械,650000,8.35
RPVVMLLLKIKFFCB48CA,坡道平面,1650000,17.27
RPONNLLLKIKFFCB07CA,坡道機械,750000,8.35
RPONNLLLKIKFFCB07CA,坡道機械,650000,8.35
RPWVMLLLKIKFFCB58CA,坡道平面,1650000,17.27
RPUWMLLLKIKFFCB48CA,坡道機械,750000,8.35
RPUWMLLLKIKFFCB48CA,坡道機械,650000,8.35
RPRNNLLLKIKFFCB37CA,坡道平面,1550000,14.76
RPOONLLLKIKFFCB17CA,坡道平面,1200000,17.27
RPUNNLLLKIKFFCB67CA,坡道機械,750000,8.35
RPOONLLLKIKFFCB17CA,坡道平面,1200000,17.27
RPUNNLLLKIKFFCB67CA,坡道機械,650000,8.35
RPOONLLLKIKFFCB17CA,坡道機械,750000,8.35
RPOONLLLKIKFFCB17CA,坡道機械,650000,8.35
RPPPNLLLKIKFFCB37CA,坡道平面,1450000,17.27
RPPPNLLLKIKFFCB37CA,坡道平面,1450000,17.27
RPPPNLLLKIKFFCB37CA,坡道平面,1450000,17.27
RPXPNLLLKIKFFCB18CA,坡道平面,1650000,17.27
RPXPNLLLKIKFFCB18CA,坡道平面,1650000,17.27
TPOQNLLLKIKFFCB57CA,坡道平面,1950000,17.27
TPOQNLLLKIKFFCB57CA,坡道平面,1950000,17.27
TPOQNLLLKIKFFCB57CA,坡道平面,1950000,17.27
TPOQNLLLKIKFFCB57CA,坡道平面,1950000,17.27
TPOQNLLLKIKFFCB57CA,坡道平面,1950000,17.27
TPOQNLLLKIKFFCB57CA,坡道平面,1950000,17.27
TPOQNLLLKIKFFCB57CA,坡道平面,1950000,17.27
TPOQNLLLKIKFFCB57CA,坡道平面,1950000,17.27
TPOQNLLLKIKFFCB57CA,坡道平面,1950000,17.27
TPOQNLLLKIKFFCB57CA,坡道平面,1950000,17.27
RPTPNLLLKIKFFCB77CA,坡道平面,1650000,17.27
RPTPNLLLKIKFFCB77CA,坡道平面,1650000,17.27
RPQPNLLLKIKFFCB47CA,坡道平面,1450000,17.27
RPQPNLLLKIKFFCB47CA,坡道平面,1450000,17.27
RPOQNLLLKIKFFCB37CA,坡道平面,1200000,17.27
RPOQNLLLKIKFFCB37CA,坡道機械,750000,8.35
RPUPNLLLKIKFFCB87CA,坡道平面,1650000,17.27
RPUPNLLLKIKFFCB87CA,坡道平面,1650000,17.27
RPRPNLLLKIKFFCB57CA,坡道平面,1450000,17.27
RPRPNLLLKIKFFCB57CA,坡道平面,1450000,17.27
SPOQNLLLKIKFFCB47CA,坡道平面,1950000,17.27
SPOQNLLLKIKFFCB47CA,坡道平面,1950000,17.27
SPOQNLLLKIKFFCB47CA,坡道平面,1950000,17.27
SPOQNLLLKIKFFCB47CA,坡道平面,1950000,17.27
SPOQNLLLKIKFFCB47CA,坡道平面,1950000,17.27
SPOQNLLLKIKFFCB47CA,坡道平面,1950000,17.27
UPOQNLLLKIKFFCB67CA,坡道平面,1950000,17.27
UPOQNLLLKIKFFCB67CA,坡道平面,1950000,17.27
UPOQNLLLKIKFFCB67CA,坡道平面,1950000,17.27
UPOQNLLLKIKFFCB67CA,坡道平面,1950000,17.27
UPOQNLLLKIKFFCB67CA,坡道平面,1950000,17.27
UPOQNLLLKIKFFCB67CA,坡道平面,1950000,17.27
UPOQNLLLKIKFFCB67CA,坡道平面,1950000,17.27
UPOQNLLLKIKFFCB67CA,坡道平面,1850000,14.76
UPOQNLLLKIKFFCB67CA,坡道平面,1850000,14.76
RPPQNLLLKIKFFCB47CA,坡道平面,1200000,17.27
RPPQNLLLKIKFFCB47CA,坡道機械,750000,8.35
SPPQNLLLKIKFFCB57CA,坡道平面,1950000,17.27
SPPQNLLLKIKFFCB57CA,坡道平面,1950000,17.27
SPPQNLLLKIKFFCB57CA,坡道平面,1950000,17.27
SPPQNLLLKIKFFCB57CA,坡道平面,1950000,17.27
SPPQNLLLKIKFFCB57CA,坡道平面,1950000,17.27
SPPQNLLLKIKFFCB57CA,坡道平面,1950000,17.27
VPOQNLLLKIKFFCB77CA,坡道平面,1950000,17.27
VPOQNLLLKIKFFCB77CA,坡道平面,1950000,17.27
VPOQNLLLKIKFFCB77CA,坡道平面,1950000,17.27
VPOQNLLLKIKFFCB77CA,坡道平面,1850000,14.76
VPOQNLLLKIKFFCB77CA,坡道平面,1850000,14.76
RPTQNLLLKIKFFCB87CA,坡道平面,1750000,17.27
RPTQNLLLKIKFFCB87CA,坡道平面,1750000,17.27
TPPQNLLLKIKFFCB67CA,坡道平面,1950000,17.27
RPTQNLLLKIKFFCB87CA,坡道機械,750000,8.35
TPPQNLLLKIKFFCB67CA,坡道平面,1950000,17.27
RPTQNLLLKIKFFCB87CA,坡道機械,750000,8.35
TPPQNLLLKIKFFCB67CA,坡道平面,1950000,17.27
RPTQNLLLKIKFFCB87CA,坡道機械,650000,8.35
TPPQNLLLKIKFFCB67CA,坡道平面,1950000,17.27
RPTQNLLLKIKFFCB87CA,坡道機械,650000,8.35
TPPQNLLLKIKFFCB67CA,坡道平面,1950000,17.27
TPPQNLLLKIKFFCB67CA,坡道平面,1950000,17.27
TPPQNLLLKIKFFCB67CA,坡道平面,1950000,17.27
TPPQNLLLKIKFFCB67CA,坡道平面,1950000,17.27
TPPQNLLLKIKFFCB67CA,坡道平面,1950000,17.27
TPPQNLLLKIKFFCB67CA,坡道平面,1950000,17.27
UPPQNLLLKIKFFCB77CA,坡道平面,1950000,17.27
UPPQNLLLKIKFFCB77CA,坡道平面,1950000,17.27
UPPQNLLLKIKFFCB77CA,坡道平面,1950000,17.27
UPPQNLLLKIKFFCB77CA,坡道平面,1950000,17.27
UPPQNLLLKIKFFCB77CA,坡道平面,1950000,17.27
UPPQNLLLKIKFFCB77CA,坡道平面,1950000,17.27
UPPQNLLLKIKFFCB77CA,坡道平面,1950000,17.27
UPPQNLLLKIKFFCB77CA,坡道平面,1850000,14.76
UPPQNLLLKIKFFCB77CA,坡道平面,1850000,14.76
RPQQNLLLKIKFFCB57CA,坡道平面,1650000,17.27
RPQQNLLLKIKFFCB57CA,坡道平面,1650000,17.27
VPPQNLLLKIKFFCB87CA,坡道平面,1950000,17.27
VPPQNLLLKIKFFCB87CA,坡道平面,1950000,17.27
VPPQNLLLKIKFFCB87CA,坡道平面,1950000,17.27
VPPQNLLLKIKFFCB87CA,坡道平面,1850000,14.76
VPPQNLLLKIKFFCB87CA,坡道平面,1850000,14.76
RPRQNLLLKIKFFCB67CA,坡道平面,1450000,17.27
RPRQNLLLKIKFFCB67CA,坡道平面,1100000,14.76
RPSQNLLLKIKFFCB77CA,坡道平面,1450000,17.27
RPSQNLLLKIKFFCB77CA,坡道平面,1100000,14.76
RPUQNLLLKIKFFCB97CA,坡道平面,1750000,17.27
RPUQNLLLKIKFFCB97CA,坡道平面,1750000,17.27
RPUQNLLLKIKFFCB97CA,坡道機械,750000,8.35
RPUQNLLLKIKFFCB97CA,坡道機械,750000,8.35
RPUQNLLLKIKFFCB97CA,坡道機械,650000,8.35
RPUQNLLLKIKFFCB97CA,坡道機械,650000,8.35
RPWQNLLLKIKFFCB18CA,坡道平面,1450000,17.27
RPWQNLLLKIKFFCB18CA,坡道機械,750000,8.35
RPWQNLLLKIKFFCB18CA,坡道機械,650000,8.35
RPORNLLLKIKFFCB47CA,坡道平面,1200000,17.27
RPORNLLLKIKFFCB47CA,坡道平面,1100000,14.76
RPORNLLLKIKFFCB47CA,坡道平面,1100000,14.76
RPVQNLLLKIKFFCB08CA,坡道平面,1450000,17.27
RPVQNLLLKIKFFCB08CA,坡道機械,750000,8.35
RPVQNLLLKIKFFCB08CA,坡道機械,650000,8.35
RPPRNLLLKIKFFCB57CA,坡道平面,1200000,17.27
RPPRNLLLKIKFFCB57CA,坡道平面,1350000,14.76
RPPRNLLLKIKFFCB57CA,坡道平面,1100000,14.76
RPXQNLLLKIKFFCB28CA,坡道平面,1200000,17.27
RPXQNLLLKIKFFCB28CA,坡道平面,1100000,14.76
RPXQNLLLKIKFFCB28CA,坡道平面,1100000,14.76
RPQRNLLLKIKFFCB67CA,坡道平面,1200000,17.27
RPQRNLLLKIKFFCB67CA,坡道平面,1350000,14.76
RPQRNLLLKIKFFCB67CA,坡道平面,1100000,14.76
RPVNMLMLKIKFFCB77CA,坡道平面,1450000,17.27
RPVNMLMLKIKFFCB77CA,坡道平面,1350000,14.76
RPUNMLMLKIKFFCB67CA,坡道平面,1450000,17.27
RPUNMLMLKIKFFCB67CA,坡道機械,650000,8.35
RPTNMLMLKIKFFCB57CA,坡道平面,1450000,17.27
RPTNMLMLKIKFFCB57CA,坡道機械,650000,8.35
RPSNMLMLKIKFFCB47CA,坡道平面,1200000,17.27
RPSNMLMLKIKFFCB47CA,坡道機械,750000,8.35
RPWNMLMLKIKFFCB87CA,坡道平面,1450000,17.27
RPWNMLMLKIKFFCB87CA,坡道平面,1350000,14.76
RPXNMLMLKIKFFCB97CA,坡道平面,1200000,17.27
RPXNMLMLKIKFFCB97CA,坡道機械,700000,8.35
RPOOMLMLKIKFFCB17CA,坡道平面,1200000,17.27
RPOOMLMLKIKFFCB17CA,坡道機械,700000,8.35
RPQNMLMLKIKFFCB27CA,坡道平面,1450000,17.27
RPQNMLMLKIKFFCB27CA,坡道平面,1350000,14.76
RPRNMLMLKIKFFCB37CA,坡道平面,1200000,17.27
RPRNMLMLKIKFFCB37CA,坡道機械,750000,8.35
RPPNMLMLKIKFFCB17CA,坡道平面,1450000,17.27
RPPNMLMLKIKFFCB17CA,坡道平面,1350000,14.76
RPRRMLMLKIKFFCB77CA,坡道平面,0,18.76
RPWSMLMLKIKFFCB38CA,坡道平面,1450000,17.27
RPWSMLMLKIKFFCB38CA,坡道機械,750000,8.35
RPWSMLMLKIKFFCB38CA,坡道機械,650000,8.35
RPUSMLMLKIKFFCB18CA,坡道平面,1450000,17.27
RPUSMLMLKIKFFCB18CA,坡道機械,750000,8.35
RPUSMLMLKIKFFCB18CA,坡道機械,650000,8.35
RPVSMLMLKIKFFCB28CA,坡道平面,1450000,17.27
RPVSMLMLKIKFFCB28CA,坡道機械,750000,8.35
RPVSMLMLKIKFFCB28CA,坡道機械,650000,8.35
RPTSMLMLKIKFFCB08CA,坡道平面,1450000,17.27
RPTSMLMLKIKFFCB08CA,坡道平面,1350000,14.76
RPSSMLMLKIKFFCB97CA,坡道平面,1450000,17.27
RPSSMLMLKIKFFCB97CA,坡道平面,1350000,14.76
RPSQMLNLKIKFFCB87CA,坡道平面,0,29.84
RPSQMLNLKIKFFCB87CA,坡道平面,0,29.84
RPSQMLNLKIKFFCB87CA,坡道平面,0,29.84
SPSOMLNLKIKFFCB77CA,坡道平面,0,29.84
SPSOMLNLKIKFFCB77CA,坡道平面,0,29.84
SPSOMLNLKIKFFCB77CA,坡道平面,0,29.84
SPSOMLNLKIKFFCB77CA,坡道平面,0,29.84
SPSOMLNLKIKFFCB77CA,坡道平面,0,29.84
SPSOMLNLKIKFFCB77CA,坡道平面,0,29.84
SPSOMLNLKIKFFCB77CA,坡道平面,0,29.84
SPSOMLNLKIKFFCB77CA,坡道平面,0,29.84
RPXSMLMLKIKFFCB48CA,坡道平面,1450000,17.27
RPXSMLMLKIKFFCB48CA,坡道機械,750000,8.35
RPXSMLMLKIKFFCB48CA,坡道機械,650000,8.35
SPQTMLMLKIKFFCB97CA,坡道平面,1650000,17.27
SPQTMLMLKIKFFCB97CA,坡道平面,1650000,17.27
RPRTMLMLKIKFFCB97CA,坡道平面,1650000,17.27
RPRTMLMLKIKFFCB97CA,坡道平面,1650000,17.27
RPQTMLMLKIKFFCB87CA,坡道平面,1650000,17.27
RPQTMLMLKIKFFCB87CA,坡道平面,1650000,17.27
RPPTMLMLKIKFFCB77CA,坡道平面,1750000,17.27
RPPTMLMLKIKFFCB77CA,坡道平面,1750000,17.27
RPOTMLMLKIKFFCB67CA,坡道平面,1750000,17.27
RPOTMLMLKIKFFCB67CA,坡道平面,1750000,17.27
SPRTMLMLKIKFFCB08CA,坡道平面,1650000,17.27
SPRTMLMLKIKFFCB08CA,坡道平面,1650000,17.27
RPSTMLMLKIKFFCB08CA,坡道平面,1350000,14.76
RPSTMLMLKIKFFCB08CA,坡道平面,1350000,14.76
RPTTMLMLKIKFFCB18CA,坡道平面,1350000,14.76
RPTTMLMLKIKFFCB18CA,坡道平面,1350000,14.76
SPSTMLMLKIKFFCB18CA,坡道平面,1350000,14.76
SPSTMLMLKIKFFCB18CA,坡道平面,1350000,14.76
SPTTMLMLKIKFFCB28CA,坡道平面,1350000,14.76
SPTTMLMLKIKFFCB28CA,坡道平面,1350000,14.76
RPVTMLMLKIKFFCB38CA,坡道平面,1200000,17.27
RPVTMLMLKIKFFCB38CA,坡道機械,750000,8.35
RPVTMLMLKIKFFCB38CA,坡道機械,650000,8.35
RPVTMLMLKIKFFCB38CA,坡道機械,650000,8.35
RPXTMLMLKIKFFCB58CA,坡道平面,1650000,17.27
RPXTMLMLKIKFFCB58CA,坡道平面,1650000,17.27
RPXTMLMLKIKFFCB58CA,坡道平面,1100000,14.76
RPXTMLMLKIKFFCB58CA,坡道平面,1100000,14.76
RPXTMLMLKIKFFCB58CA,坡道機械,750000,8.35
RPXTMLMLKIKFFCB58CA,坡道機械,700000,8.35
RPXTMLMLKIKFFCB58CA,坡道機械,700000,8.35
TPXTMLMLKIKFFCB78CA,坡道平面,1650000,17.27
TPXTMLMLKIKFFCB78CA,坡道平面,1650000,17.27
SPXTMLMLKIKFFCB68CA,坡道平面,1650000,17.27
SPXTMLMLKIKFFCB68CA,坡道平面,1650000,17.27
SPXTMLMLKIKFFCB68CA,坡道機械,750000,8.35
SPXTMLMLKIKFFCB68CA,坡道機械,700000,8.35
RPUTMLMLKIKFFCB28CA,坡道平面,1200000,17.27
RPUTMLMLKIKFFCB28CA,坡道機械,750000,8.35
RPUTMLMLKIKFFCB28CA,坡道機械,650000,8.35
RPUTMLMLKIKFFCB28CA,坡道機械,650000,8.35
RPSOMLNLKIKFFCB67CA,坡道平面,0,29.84
RPSOMLNLKIKFFCB67CA,坡道平面,0,29.84
RPSOMLNLKIKFFCB67CA,坡道平面,0,29.84
RPSOMLNLKIKFFCB67CA,坡道平面,0,29.84
RPSOMLNLKIKFFCB67CA,坡道平面,0,29.84
RPSOMLNLKIKFFCB67CA,坡道平面,0,29.84
RPOUMLMLKIKFFCB77CA,坡道平面,0,29.84
RPOUMLMLKIKFFCB77CA,坡道平面,0,29.84
RPOUMLMLKIKFFCB77CA,坡道平面,0,29.84
RPOUMLMLKIKFFCB77CA,坡道平面,0,29.84
RPOUMLMLKIKFFCB77CA,坡道平面,0,29.84
RPOUMLMLKIKFFCB77CA,坡道平面,0,29.84
TPPUMLMLKIKFFCB08CA,坡道平面,1650000,17.27
TPPUMLMLKIKFFCB08CA,坡道平面,1650000,17.27
RPQUMLMLKIKFFCB97CA,坡道平面,1850000,17.27
RPQUMLMLKIKFFCB97CA,坡道平面,1650000,17.27
RPQUMLMLKIKFFCB97CA,坡道平面,1550000,14.76
RPQUMLMLKIKFFCB97CA,坡道平面,1550000,14.76
RPPUMLMLKIKFFCB87CA,坡道平面,1650000,17.27
RPPUMLMLKIKFFCB87CA,坡道平面,1650000,17.27
RPPUMLMLKIKFFCB87CA,坡道平面,1100000,14.76
RPPUMLMLKIKFFCB87CA,坡道平面,1100000,14.76
RPPUMLMLKIKFFCB87CA,坡道機械,750000,8.35
RPPUMLMLKIKFFCB87CA,坡道機械,700000,8.35
RPPUMLMLKIKFFCB87CA,坡道機械,700000,8.35
SPQUMLMLKIKFFCB08CA,坡道平面,1650000,17.27
SPQUMLMLKIKFFCB08CA,坡道平面,1650000,17.27
SPPUMLMLKIKFFCB97CA,坡道平面,1650000,17.27
SPPUMLMLKIKFFCB97CA,坡道平面,1650000,17.27
SPPUMLMLKIKFFCB97CA,坡道機械,750000,8.35
SPPUMLMLKIKFFCB97CA,坡道機械,700000,8.35
RPTUMLMLKIKFFCB28CA,坡道平面,0,29.84
RPTUMLMLKIKFFCB28CA,坡道平面,0,29.84
RPTUMLMLKIKFFCB28CA,坡道平面,0,29.84
RPUUMLMLKIKFFCB38CA,坡道平面,1450000,17.27
RPRUMLMLKIKFFCB08CA,坡道平面,1850000,17.27
RPRUMLMLKIKFFCB08CA,坡道平面,1650000,17.27
RPRUMLMLKIKFFCB08CA,坡道平面,1550000,14.76
RPRUMLMLKIKFFCB08CA,坡道平面,1550000,14.76
RPSUMLMLKIKFFCB18CA,坡道平面,1450000,17.27
SPRUMLMLKIKFFCB18CA,坡道平面,1650000,17.27
SPRUMLMLKIKFFCB18CA,坡道平面,1650000,17.27
RPVUMLMLKIKFFCB48CA,坡道平面,1650000,17.27
RPVUMLMLKIKFFCB48CA,坡道平面,1550000,14.76
RPWUMLMLKIKFFCB58CA,坡道平面,1650000,17.27
RPWUMLMLKIKFFCB58CA,坡道平面,1550000,14.76
TPOVMLMLKIKFFCB08CA,坡道平面,1750000,17.27
TPOVMLMLKIKFFCB08CA,坡道平面,1750000,17.27
SPOVMLMLKIKFFCB97CA,坡道平面,1750000,17.27
SPOVMLMLKIKFFCB97CA,坡道平面,1750000,17.27
RPOVMLMLKIKFFCB87CA,坡道平面,1650000,14.76
RPOVMLMLKIKFFCB87CA,坡道平面,1650000,14.76
RPPVMLMLKIKFFCB97CA,坡道平面,1650000,14.76
RPPVMLMLKIKFFCB97CA,坡道平面,1650000,14.76
TPPVMLMLKIKFFCB18CA,坡道平面,1750000,17.27
TPPVMLMLKIKFFCB18CA,坡道平面,1750000,17.27
SPPVMLMLKIKFFCB08CA,坡道平面,1750000,17.27
SPPVMLMLKIKFFCB08CA,坡道平面,1750000,17.27
RPRVMLMLKIKFFCB18CA,坡道平面,1750000,17.27
RPRVMLMLKIKFFCB18CA,坡道平面,1750000,17.27
RPRVMLMLKIKFFCB18CA,坡道平面,1750000,17.27
RPWVMLMLKIKFFCB68CA,坡道平面,1750000,17.27
RPWVMLMLKIKFFCB68CA,坡道平面,1650000,14.76
RPVVMLMLKIKFFCB58CA,坡道平面,1750000,17.27
RPVVMLMLKIKFFCB58CA,坡道平面,1650000,14.76
RPQVMLMLKIKFFCB08CA,坡道平面,1750000,17.27
RPQVMLMLKIKFFCB08CA,坡道平面,1750000,17.27
RPQVMLMLKIKFFCB08CA,坡道平面,1750000,17.27
RPTVMLMLKIKFFCB38CA,坡道平面,1450000,17.27
RPTVMLMLKIKFFCB38CA,坡道平面,1450000,17.27
RPTVMLMLKIKFFCB38CA,坡道平面,1450000,17.27
RPSVMLMLKIKFFCB28CA,坡道平面,1450000,17.27
RPSVMLMLKIKFFCB28CA,坡道平面,1450000,17.27
RPSVMLMLKIKFFCB28CA,坡道平面,1450000,17.27
RPXVMLMLKIKFFCB78CA,坡道平面,1750000,17.27
RPXVMLMLKIKFFCB78CA,坡道平面,1750000,17.27
RPXVMLMLKIKFFCB78CA,坡道平面,1650000,14.76
RPOWMLMLKIKFFCB97CA,坡道平面,1750000,17.27
RPOWMLMLKIKFFCB97CA,坡道平面,1750000,17.27
RPOWMLMLKIKFFCB97CA,坡道平面,1650000,14.76
TPRWMLMLKIKFFCB48CA,坡道平面,1750000,17.27
TPRWMLMLKIKFFCB48CA,坡道平面,1750000,17.27
TPRWMLMLKIKFFCB48CA,坡道平面,1750000,17.27
TPRWMLMLKIKFFCB48CA,坡道平面,1750000,17.27
SPSWMLMLKIKFFCB48CA,坡道平面,1750000,17.27
SPSWMLMLKIKFFCB48CA,坡道平面,1750000,17.27
SPSWMLMLKIKFFCB48CA,坡道平面,1750000,17.27
RPUWMLMLKIKFFCB58CA,坡道平面,1850000,17.27
RPUWMLMLKIKFFCB58CA,坡道平面,1850000,17.27
RPUWMLMLKIKFFCB58CA,坡道平面,1850000,17.27
RPUWMLMLKIKFFCB58CA,坡道平面,1850000,17.27
RPUWMLMLKIKFFCB58CA,坡道平面,1850000,17.27
RPUWMLMLKIKFFCB58CA,坡道平面,1850000,17.27
RPUWMLMLKIKFFCB58CA,坡道平面,1850000,17.27
RPUWMLMLKIKFFCB58CA,坡道平面,1850000,17.27
RPUWMLMLKIKFFCB58CA,坡道平面,1850000,17.27
RPSWMLMLKIKFFCB38CA,坡道平面,1750000,17.27
RPSWMLMLKIKFFCB38CA,坡道平面,1750000,17.27
RPSWMLMLKIKFFCB38CA,坡道平面,1750000,17.27
RPONNLMLKIKFFCB17CA,坡道平面,1850000,17.27
RPONNLMLKIKFFCB17CA,坡道平面,1850000,17.27
RPONNLMLKIKFFCB17CA,坡道平面,1850000,17.27
RPONNLMLKIKFFCB17CA,坡道平面,1850000,17.27
RPONNLMLKIKFFCB17CA,坡道平面,1850000,17.27
RPONNLMLKIKFFCB17CA,坡道平面,1850000,17.27
RPONNLMLKIKFFCB17CA,坡道平面,1850000,17.27
RPONNLMLKIKFFCB17CA,坡道平面,1850000,17.27
RPONNLMLKIKFFCB17CA,坡道平面,1850000,17.27
RPONNLMLKIKFFCB17CA,坡道平面,1850000,17.27
RPONNLMLKIKFFCB17CA,坡道平面,1850000,17.27
RPONNLMLKIKFFCB17CA,坡道平面,1850000,17.27
RPONNLMLKIKFFCB17CA,坡道平面,1750000,14.76
RPONNLMLKIKFFCB17CA,坡道平面,1750000,14.76
RPONNLMLKIKFFCB17CA,坡道平面,1750000,14.76
RPVWMLMLKIKFFCB68CA,坡道平面,1850000,17.27
RPVWMLMLKIKFFCB68CA,坡道平面,1850000,17.27
RPVWMLMLKIKFFCB68CA,坡道平面,1850000,17.27
RPVWMLMLKIKFFCB68CA,坡道平面,1850000,17.27
RPVWMLMLKIKFFCB68CA,坡道平面,1850000,17.27
RPVWMLMLKIKFFCB68CA,坡道平面,1850000,17.27
RPVWMLMLKIKFFCB68CA,坡道平面,1850000,17.27
RPVWMLMLKIKFFCB68CA,坡道平面,1850000,17.27
RPVWMLMLKIKFFCB68CA,坡道平面,1850000,17.27
TPSWMLMLKIKFFCB58CA,坡道平面,1750000,17.27
TPSWMLMLKIKFFCB58CA,坡道平面,1750000,17.27
TPSWMLMLKIKFFCB58CA,坡道平面,1750000,17.27
TPSWMLMLKIKFFCB58CA,坡道平面,1750000,17.27
SPRWMLMLKIKFFCB38CA,坡道平面,1750000,17.27
SPRWMLMLKIKFFCB38CA,坡道平面,1750000,17.27
SPRWMLMLKIKFFCB38CA,坡道平面,1750000,17.27
RPRWMLMLKIKFFCB28CA,坡道平面,1750000,17.27
RPRWMLMLKIKFFCB28CA,坡道平面,1750000,17.27
RPRWMLMLKIKFFCB28CA,坡道平面,1750000,17.27
RPPNNLMLKIKFFCB27CA,坡道平面,1850000,17.27
RPPNNLMLKIKFFCB27CA,坡道平面,1850000,17.27
RPPNNLMLKIKFFCB27CA,坡道平面,1850000,17.27
RPPNNLMLKIKFFCB27CA,坡道平面,1850000,17.27
RPPNNLMLKIKFFCB27CA,坡道平面,1850000,17.27
RPPNNLMLKIKFFCB27CA,坡道平面,1850000,17.27
RPPNNLMLKIKFFCB27CA,坡道平面,1850000,17.27
RPPNNLMLKIKFFCB27CA,坡道平面,1850000,17.27
RPPNNLMLKIKFFCB27CA,坡道平面,1850000,17.27
RPPNNLMLKIKFFCB27CA,坡道平面,1850000,17.27
RPPNNLMLKIKFFCB27CA,坡道平面,1850000,17.27
RPPNNLMLKIKFFCB27CA,坡道平面,1850000,17.27
RPPNNLMLKIKFFCB27CA,坡道平面,1750000,14.76
RPPNNLMLKIKFFCB27CA,坡道平面,1750000,14.76
RPPNNLMLKIKFFCB27CA,坡道平面,1750000,14.76
RPOSMLMLKIKFFCB57CA,坡道平面,1650000,17.27
RPOSMLMLKIKFFCB57CA,坡道平面,1650000,17.27
RPOSMLMLKIKFFCB57CA,坡道機械,750000,8.35
RPXRMLMLKIKFFCB38CA,坡道平面,1650000,17.27
RPXRMLMLKIKFFCB38CA,坡道平面,1650000,17.27
RPXRMLMLKIKFFCB38CA,坡道機械,750000,8.35
RPPSMLMLKIKFFCB67CA,坡道平面,1450000,17.27
RPVRMLMLKIKFFCB18CA,坡道平面,1450000,17.27
RPQSMLMLKIKFFCB77CA,坡道平面,1450000,17.27
RPWRMLMLKIKFFCB28CA,坡道平面,1450000,17.27
RPVONLMLKIKFFCB97CA,坡道平面,0,29.84
RPVONLMLKIKFFCB97CA,坡道平面,0,29.84
RPVONLMLKIKFFCB97CA,坡道平面,0,29.84
RPVONLMLKIKFFCB97CA,坡道平面,0,29.84
RPVONLMLKIKFFCB97CA,坡道平面,0,29.84
RPVONLMLKIKFFCB97CA,坡道平面,0,29.84
RPVONLMLKIKFFCB97CA,坡道平面,0,29.84
RPVONLMLKIKFFCB97CA,坡道平面,0,29.84
RPORNLMLKIKFFCB57CA,坡道平面,0,29.84
RPORNLMLKIKFFCB57CA,坡道平面,0,29.84
RPORNLMLKIKFFCB57CA,坡道平面,0,29.84
RPVQNLMLKIKFFCB18CA,坡道平面,0,29.84
RPVQNLMLKIKFFCB18CA,坡道平面,0,29.84
RPVQNLMLKIKFFCB18CA,坡道平面,0,29.84
RPQQNLMLKIKFFCB67CA,坡道平面,0,29.84
RPQQNLMLKIKFFCB67CA,坡道平面,0,29.84
RPQQNLMLKIKFFCB67CA,坡道平面,0,29.84
RPQQNLMLKIKFFCB67CA,坡道平面,0,29.84
RPSRNLMLKIKFFCB97CA,坡道平面,0,29.84
RPSRNLMLKIKFFCB97CA,坡道平面,0,29.84
RPSRNLMLKIKFFCB97CA,坡道平面,0,29.84
RPQSNLMLKIKFFCB87CA,坡道平面,0,29.84
RPQSNLMLKIKFFCB87CA,坡道平面,0,29.84
RPQSNLMLKIKFFCB87CA,坡道平面,0,29.84
RPTNMLPLJIKFFFL09CA,坡道平面,0,34.73
RPSPMLOLKIKFFAL68CA,坡道平面,0,39.42
RPSPMLOLKIKFFAL68CA,坡道平面,0,24.26
RPSPMLOLKIKFFAL68CA,坡道平面,0,24.26
RPSPMLOLKIKFFAL68CA,坡道平面,0,24.26
RPSPMLOLKIKFFAL68CA,坡道平面,0,24.26
RPSPMLOLKIKFFAL68CA,坡道平面,0,24.26
RPSPMLOLKIKFFAL68CA,坡道平面,0,24.26
RPSPMLOLKIKFFAL68CA,坡道平面,0,24.26
RPSPMLOLKIKFFAL68CA,坡道平面,0,24.26
RPSPMLOLKIKFFAL68CA,坡道平面,0,24.26
RPSPMLOLKIKFFAL68CA,坡道平面,0,30.32
RPSPMLOLKIKFFAL68CA,坡道平面,0,30.32
RPSPMLOLKIKFFAL68CA,坡道平面,0,24.26
RPSPMLOLKIKFFAL68CA,坡道平面,0,24.26
RPSPMLOLKIKFFAL68CA,坡道平面,0,24.26
RPSPMLOLKIKFFAL68CA,坡道平面,0,24.26
RPSPMLOLKIKFFAL68CA,坡道平面,0,24.26
RPSPMLOLKIKFFAL68CA,坡道平面,0,24.26
RPSPMLOLKIKFFAL68CA,坡道平面,0,24.26
RPSPMLOLKIKFFAL68CA,坡道平面,0,24.26
RPSPMLOLKIKFFAL68CA,坡道平面,0,24.26
RPSPMLOLKIKFFAL68CA,坡道平面,0,24.26
RPSPMLOLKIKFFAL68CA,坡道平面,0,24.26
RPSPMLOLKIKFFAL68CA,坡道平面,0,24.26
RPSPMLOLKIKFFAL68CA,坡道平面,0,24.26
RPSPMLOLKIKFFAL68CA,坡道平面,0,24.26
RPSPMLOLKIKFFAL68CA,坡道平面,0,24.26
RPSPMLOLKIKFFAL68CA,坡道平面,0,24.26
RPSPMLOLKIKFFAL68CA,坡道平面,0,24.26
RPSPMLOLKIKFFAL68CA,坡道平面,0,24.26
RPSPMLOLKIKFFAL68CA,坡道平面,0,24.26
RPSPMLOLKIKFFAL68CA,坡道平面,0,24.26
RPSPMLOLKIKFFAL68CA,坡道平面,0,24.26
RPSPMLOLKIKFFAL68CA,坡道平面,0,24.26
RPSPMLOLKIKFFAL68CA,坡道平面,0,24.26
RPSPMLOLKIKFFAL68CA,坡道平面,0,24.26
RPSPMLOLKIKFFAL68CA,坡道平面,0,24.26
RPSPMLOLKIKFFAL68CA,坡道平面,0,24.26
RPSPMLOLKIKFFAL68CA,坡道平面,0,24.26
RPSPMLOLKIKFFAL68CA,坡道平面,0,30.32
RPSPMLOLKIKFFAL68CA,坡道平面,0,30.32
RPSPMLOLKIKFFAL68CA,坡道平面,0,30.32
RPSPMLOLKIKFFAL68CA,坡道平面,0,30.32
RPSPMLOLKIKFFAL68CA,坡道平面,0,30.32
RPSPMLOLKIKFFAL68CA,坡道平面,0,30.32
RPSPMLOLKIKFFAL68CA,坡道平面,0,30.32
RPSPMLOLKIKFFAL68CA,坡道平面,0,30.32
RPSPMLOLKIKFFAL68CA,坡道平面,0,30.32
RPSPMLOLKIKFFAL68CA,坡道平面,0,30.32
RPSPMLOLKIKFFAL68CA,坡道平面,0,30.32
RPSPMLOLKIKFFAL68CA,坡道平面,0,30.32
RPSPMLOLKIKFFAL68CA,坡道平面,0,30.32
RPSPMLOLKIKFFAL68CA,坡道平面,0,30.32
RPSPMLOLKIKFFAL68CA,坡道平面,0,30.32
RPSPMLOLKIKFFAL68CA,坡道平面,0,30.32
RPSPMLOLKIKFFAL68CA,坡道平面,0,30.32
RPSPMLOLKIKFFAL68CA,坡道平面,0,30.32
RPSPMLOLKIKFFAL68CA,坡道平面,0,30.32
RPSPMLOLKIKFFAL68CA,坡道平面,0,30.32
RPSPMLOLKIKFFAL68CA,坡道平面,0,30.32
RPSPMLOLKIKFFAL68CA,坡道平面,0,30.32
RPSPMLOLKIKFFAL68CA,坡道平面,0,30.32
RPSPMLOLKIKFFAL68CA,坡道平面,0,30.32
RPSPMLOLKIKFFAL68CA,坡道平面,0,30.32
RPSPMLOLKIKFFAL68CA,坡道平面,0,30.32
RPSPMLOLKIKFFAL68CA,坡道平面,0,30.32
RPSPMLOLKIKFFAL68CA,坡道平面,0,30.32
RPSPMLOLKIKFFAL68CA,坡道平面,0,30.32
RPSPMLOLKIKFFAL68CA,坡道平面,0,30.32
RPSPMLOLKIKFFAL68CA,坡道平面,0,30.32
RPSPMLOLKIKFFAL68CA,坡道平面,0,30.32
RPSPMLOLKIKFFAL68CA,坡道平面,0,30.32
RPSPMLOLKIKFFAL68CA,坡道平面,0,30.32
RPSPMLOLKIKFFAL68CA,坡道平面,0,30.32
RPSPMLOLKIKFFAL68CA,坡道平面,0,30.32
RPSPMLOLKIKFFAL68CA,坡道平面,0,30.32
RPSPMLOLKIKFFAL68CA,坡道平面,0,30.32
RPSPMLOLKIKFFAL68CA,坡道平面,0,30.32
RPSPMLOLKIKFFAL68CA,坡道平面,0,30.32
RPSPMLOLKIKFFAL68CA,坡道平面,0,30.32
RPSPMLOLKIKFFAL68CA,坡道平面,0,30.32
RPSPMLOLKIKFFAL68CA,坡道平面,0,30.32
RPSPMLOLKIKFFAL68CA,坡道平面,0,30.32
RPSPMLOLKIKFFAL68CA,坡道平面,0,30.32
RPSPMLOLKIKFFAL68CA,坡道平面,0,30.32
RPSPMLOLKIKFFAL68CA,坡道平面,0,30.32
RPSPMLOLKIKFFAL68CA,坡道平面,0,30.32
RPSPMLOLKIKFFAL68CA,坡道平面,0,30.32
RPSPMLOLKIKFFAL68CA,坡道平面,0,30.32
RPSPMLOLKIKFFAL68CA,坡道平面,0,30.32
RPSPMLOLKIKFFAL68CA,坡道平面,0,30.32
RPSPMLOLKIKFFAL68CA,坡道平面,0,30.32
RPSPMLOLKIKFFAL68CA,坡道平面,0,30.32
RPSPMLOLKIKFFAL68CA,坡道平面,0,30.32
RPSPMLOLKIKFFAL68CA,坡道平面,0,30.32
RPSPMLOLKIKFFAL68CA,坡道平面,0,30.32
RPSPMLOLKIKFFAL68CA,坡道平面,0,30.32
RPSPMLOLKIKFFAL68CA,坡道平面,0,30.32
RPSPMLOLKIKFFAL68CA,坡道平面,0,30.32
RPSPMLOLKIKFFAL68CA,坡道平面,0,30.32
RPSPMLOLKIKFFAL68CA,坡道平面,0,30.32
RPPRMLRLJIKFFCB97CA,坡道平面,0,
RPUPMLLJKIKFFCB57CA,坡道機械,0,
RPXPMLRLJIKFFCB58CA,坡道機械,0,15.40
RPSPMLOLJIKFFCB77CA,坡道平面,0,22.28
RPTNMLPLJIKFFCB77CA,坡道平面,0,16.78
RPTNMLPLJIKFFCB77CA,坡道平面,0,16.78
RPTOMLPLJIKFFCB87CA,坡道平面,0,
RPTOMLPLJIKFFCB87CA,坡道平面,0,
RPPNMLOLJIKFFCB27CA,坡道平面,0,34.72
RPPNMLOLJIKFFCB27CA,坡道平面,0,34.72
RPSNMLTLJIKFFCB08CA,升降機械,0,
RPTSMLKMJIKFFBB77CA,坡道平面,0,31.42
RPVSMLKMJIKFFBB97CA,坡道平面,0,31.42
RPPPMLRJKIKFFBB57CA,升降機械,0,
RPXSMLKMJIKFFBB18CA,坡道平面,0,29.76
RPTOMLNJKIKFFBB47CA,坡道平面,0,
RPTOMLRJKIKFFBB87CA,坡道平面,0,33.04
RPPPMLLJKIKFFBB96CA,坡道平面,0,
RPQNMLTLJIKFFBB77CA,坡道平面,0,25.62
RPRPMLQLJIKFFBB77CA,坡道機械,0,
RPOPMLRLJIKFFBB57CA,坡道平面,0,
RPROMLPLJIKFFBB57CA,坡道平面,0,
RPUOMLOLJIKFFBB77CA,坡道平面,0,31.42
RPOQMLRKKIKFFAB57CA,坡道機械,0,
RPTOMLRLJIKFFAB87CA,坡道平面,0,18.41
RPOPMLOLJIKFFBB27CA,坡道平面,0,31.42
RPQPMLOLJIKFFBB47CA,一樓平面,0,
RPWOMLOLJIKFFBB97CA,坡道平面,0,31.42
RPPOMLQLJIKFFAB37CA,坡道平面,0,
RPSNMLPJKIKFFAB37CA,坡道平面,0,26.84
RPTNMLPJKIKFFAB47CA,坡道平面,0,26.84
RPXNMLPJKIKFFAB87CA,坡道平面,0,26.84
RPWNMLPJKIKFFAB77CA,坡道平面,0,26.84
RPVNMLPJKIKFFAB67CA,坡道平面,0,26.84
RPOOMLPKKIKFFAB17CA,坡道平面,0,
RPUNMLPJKIKFFAB57CA,坡道平面,0,26.84
RPUNMLPJKIKFFHL66CA,坡道平面,0,
RPPQMLLLKIKFFAB17CA,坡道機械,0,
RPVNMLSJKIKFFGL96CA,坡道平面,0,
RPWNMLOKKIKFFGL76CA,坡道機械,0,
RPTOMLQLJIKFFGL76CA,坡道機械,0,13.53
RPQOMLQLJIKFFGL09CA,坡道機械,0,
RPRNMLKMJIKFFGL58CA,坡道平面,0,
RPWNMLLLKIKFFFL09CA,坡道平面,0,
RPSPMLSKKIKFFCB28DA,坡道平面,0,
RPSPMLSKKIKFFCB28DA,坡道平面,0,
RPSPMLSKKIKFFCB28DA,坡道平面,0,
RPSPMLSKKIKFFCB28DA,坡道平面,0,
RPTPMLSKKIKFFCB38DA,坡道平面,0,
RPTPMLSKKIKFFCB38DA,坡道平面,0,
RPTPMLSKKIKFFCB38DA,坡道平面,0,
RPTPMLSKKIKFFCB38DA,坡道平面,0,
RPVOMLPKKIKFFCB18DA,升降機械,0,
RPRPMLOKKIKFFCB77DA,升降機械,0,
RPROMLRLJIKFFGL66CA,坡道平面,0,
RPUNMLSJKIKFFHL96CA,坡道機械,0,
RPSNMLSJKIKFFHL76CA,坡道機械,0,
RPTNMLSJKIKFFHL86CA,坡道機械,0,
RPSOMLLJKIKFFGL68CA,坡道平面,0,
RPWOMLPLJIKFFAB97CA,坡道平面,0,
RPOPMLTJKIKFFAB57CA,坡道平面,0,
RPOPMLTJKIKFFAB57CA,坡道平面,0,
RPTPMLMJKIKFFBB47CA,坡道機械,0,
RPOTMLKMJIKFFBB37CA,坡道平面,0,
RPQNMLSLJIKFFBB67CA,坡道機械,0,
RPPNMLPJKIKFFBB17CA,坡道平面,0,
RPSOMLQLJIKFFCB87CA,坡道平面,0,41.60
RPOPMLNJKIKFFCB17CA,坡道平面,0,
RPPPMLOJKIKFFCB37CA,坡道機械,0,11.59
RPUOMLOLKIKFFAB77CA,坡道平面,0,29.98
RPUOMLOLKIKFFAB77CA,坡道平面,0,29.98
RPPNMLMJKIKFFCB96CA,坡道平面,0,
RPPPMLMJKIKFFCB17CA,坡道平面,0,20.25
RPXOMLOLJIKFFCB18CA,坡道平面,0,31.77
RPXOMLOLJIKFFCB18CA,坡道平面,0,31.77
RPWPMLKMJIKFFCB87CA,坡道平面,0,29.84
RPWPMLKMJIKFFCB87CA,坡道平面,0,29.84
RPWPMLKMJIKFFCB87CA,坡道平面,0,29.84
RPWPMLKMJIKFFCB87CA,坡道平面,0,29.84
RPPOMLTKKIKFFBB77CA,坡道機械,0,7.29
RPSNMLPLJIKFFFL98CA,坡道平面,0,
RPQPNLMLKIKFFCB57CA,坡道平面,0,29.84
RPQPNLMLKIKFFCB57CA,坡道平面,0,29.84
RPQPNLMLKIKFFCB57CA,坡道平面,0,29.84
RPQPNLMLKIKFFCB57CA,坡道平面,0,29.84
RPSQNLMLKIKFFCB87CA,坡道平面,0,29.84
RPSQNLMLKIKFFCB87CA,坡道平面,0,29.84
RPSQNLMLKIKFFCB87CA,坡道平面,0,29.84
RPTSNLMLKIKFFCB18CA,坡道平面,0,29.84
RPTSNLMLKIKFFCB18CA,坡道平面,0,29.84
RPTSNLMLKIKFFCB18CA,坡道平面,0,29.84
RPORMLMLKIKFFCB47CA,坡道平面,0,29.84
RPORMLMLKIKFFCB47CA,坡道平面,0,29.84
RPORMLMLKIKFFCB47CA,坡道平面,0,29.84
RPTPNLMLKIKFFCB87CA,坡道平面,0,29.84
RPTPNLMLKIKFFCB87CA,坡道平面,0,29.84
RPTPNLMLKIKFFCB87CA,坡道平面,0,29.84
RPQONLMLKIKFFCB47CA,坡道平面,0,29.84
RPQONLMLKIKFFCB47CA,坡道平面,0,29.84
RPQONLMLKIKFFCB47CA,坡道平面,0,29.84
RPUUNLMLKIKFFCB48CA,坡道平面,1100000,33.13
RPOUNLMLKIKFFCB87CA,坡道平面,1400000,33.13
RPQUNLMLKIKFFCB08CA,坡道平面,1400000,33.13
RPQUNLMLKIKFFCB08CA,坡道平面,1400000,33.13
RPXTNLMLKIKFFCB68CA,坡道平面,900000,33.13
RPXTNLMLKIKFFCB68CA,坡道平面,900000,33.13
RPVUNLMLKIKFFCB58CA,坡道平面,1000000,33.13
RPTUNLMLKIKFFCB38CA,坡道平面,1100000,33.13
RPTUNLMLKIKFFCB38CA,坡道平面,1100000,33.13
RPPUNLMLKIKFFCB97CA,坡道平面,1150000,33.13
RPPUNLMLKIKFFCB97CA,坡道平面,1150000,33.13
RPSUNLMLKIKFFCB28CA,坡道平面,1000000,33.13
RPRUNLMLKIKFFCB18CA,坡道平面,0,33.13
RPRUNLMLKIKFFCB18CA,坡道平面,0,33.13
RPWUNLMLKIKFFCB68CA,坡道平面,1100000,33.13
RPTNMLRKKIKFFBB87CA,升降機械,0,12.95
RPTNMLRKKIKFFBB87CA,升降機械,0,15.02
RPTNMLRKKIKFFBB87CA,升降機械,0,15.02
RPTNMLRKKIKFFBB87CA,升降機械,0,12.95
RPTNMLRKKIKFFBB87CA,升降機械,0,12.95
RPTNMLRKKIKFFBB87CA,升降機械,0,15.02
RPTNMLRKKIKFFBB87CA,升降機械,0,15.02
RPTNMLRKKIKFFBB87CA,升降機械,0,6.48
RPTNMLRKKIKFFBB87CA,升降機械,0,15.02
RPTNMLRKKIKFFBB87CA,升降機械,0,12.95
RPTNMLRKKIKFFBB87CA,升降機械,0,12.95
RPTNMLRKKIKFFBB87CA,升降機械,0,15.02
RPTNMLRKKIKFFBB87CA,升降機械,0,15.02
RPTNMLRKKIKFFBB87CA,升降機械,0,6.48
RPTNMLRKKIKFFBB87CA,升降機械,0,15.02
RPTNMLRKKIKFFBB87CA,升降機械,0,12.95
RPTNMLRKKIKFFBB87CA,升降機械,0,12.95
RPTNMLRKKIKFFBB87CA,升降機械,0,15.02
RPTNMLRKKIKFFBB87CA,升降機械,0,15.02
RPTNMLRKKIKFFBB87CA,升降機械,0,6.48
RPTNMLRKKIKFFBB87CA,升降機械,0,15.02
RPTNMLRKKIKFFBB87CA,升降機械,0,15.02
RPTNMLRKKIKFFBB87CA,升降機械,0,12.95
RPTNMLRKKIKFFBB87CA,升降機械,0,15.02
RPTNMLRKKIKFFBB87CA,升降機械,0,15.02
RPTNMLRKKIKFFBB87CA,升降機械,0,15.02
RPTNMLRKKIKFFBB87CA,升降機械,0,15.02
RPTNMLRKKIKFFBB87CA,升降機械,0,15.02
RPTNMLRKKIKFFBB87CA,升降機械,0,15.02
RPTNMLRKKIKFFBB87CA,升降機械,0,15.02
RPTNMLRKKIKFFBB87CA,升降機械,0,15.02
RPTNMLRKKIKFFBB87CA,升降機械,0,6.48
RPTNMLRKKIKFFBB87CA,升降機械,0,12.95
RPTNMLRKKIKFFBB87CA,升降機械,0,15.02
RPTNMLRKKIKFFBB87CA,升降機械,0,15.02
RPTNMLRKKIKFFBB87CA,升降機械,0,6.48
RPTNMLRKKIKFFBB87CA,升降機械,0,6.48
RPTNMLRKKIKFFBB87CA,升降機械,0,15.02
RPTNMLRKKIKFFBB87CA,升降機械,0,15.02
RPTNMLRKKIKFFBB87CA,升降機械,0,6.48
RPTNMLRKKIKFFBB87CA,升降機械,0,12.95
RPTNMLRKKIKFFBB87CA,升降機械,0,15.02
RPTNMLRKKIKFFBB87CA,升降機械,0,15.02
RPTNMLRKKIKFFBB87CA,升降機械,0,6.48
RPTNMLRKKIKFFBB87CA,升降機械,0,6.48
RPTNMLRKKIKFFBB87CA,升降機械,0,15.02
RPTNMLRKKIKFFBB87CA,升降機械,0,12.95
RPTNMLRKKIKFFBB87CA,升降機械,0,6.48
RPTNMLRKKIKFFBB87CA,升降機械,0,6.48
RPTNMLRKKIKFFBB87CA,升降機械,0,15.02
RPTNMLRKKIKFFBB87CA,升降機械,0,12.95
RPTNMLRKKIKFFBB87CA,升降機械,0,6.48
RPTNMLRKKIKFFBB87CA,升降機械,0,6.48
RPTNMLRKKIKFFBB87CA,升降機械,0,15.02
RPTNMLRKKIKFFBB87CA,升降機械,0,15.02
RPTNMLRKKIKFFBB87CA,升降機械,0,6.48
RPTNMLRKKIKFFBB87CA,升降機械,0,6.48
RPTNMLRKKIKFFBB87CA,升降機械,0,15.02
RPTNMLRKKIKFFBB87CA,升降機械,0,15.02
RPTNMLRKKIKFFBB87CA,升降機械,0,6.48
RPTNMLRKKIKFFBB87CA,升降機械,0,6.48
RPOVNLMLKIKFFCB97CA,坡道平面,1250000,33.13
RPPVNLMLKIKFFCB08CA,坡道平面,1150000,33.13
RPPVNLMLKIKFFCB08CA,坡道平面,1150000,33.13
RPRVNLMLKIKFFCB28CA,坡道平面,1450000,33.13
RPRVNLMLKIKFFCB28CA,坡道平面,1450000,33.13
RPUVNLMLKIKFFCB58CA,坡道平面,1150000,33.13
RPUVNLMLKIKFFCB58CA,坡道平面,1150000,33.13
RPXSNLMLKIKFFCB58CA,坡道平面,0,29.84
RPXSNLMLKIKFFCB58CA,坡道平面,0,29.84
RPXSNLMLKIKFFCB58CA,坡道平面,0,29.84
RPOWNLMLKIKFFCB08CA,坡道平面,0,33.13
RPOWNLMLKIKFFCB08CA,坡道平面,0,33.13
RPQVNLMLKIKFFCB18CA,坡道平面,1300000,33.13
RPQTNLMLKIKFFCB97CA,坡道平面,1150000,33.13
RPQTNLMLKIKFFCB97CA,坡道平面,1150000,33.13
SPXSNLMLKIKFFCB68CA,坡道平面,0,29.84
SPXSNLMLKIKFFCB68CA,坡道平面,0,29.84
SPXSNLMLKIKFFCB68CA,坡道平面,0,29.84
RPTVNLMLKIKFFCB48CA,坡道平面,1150000,33.13
RPTVNLMLKIKFFCB48CA,坡道平面,1150000,33.13
RPXVNLMLKIKFFCB88CA,坡道平面,1050000,33.13
RPPWNLMLKIKFFCB18CA,坡道平面,0,33.13
RPPWNLMLKIKFFCB18CA,坡道平面,0,33.13
RPWVNLMLKIKFFCB78CA,坡道平面,0,33.13
RPWVNLMLKIKFFCB78CA,坡道平面,0,33.13
RPRTNLMLKIKFFCB08CA,坡道平面,0,33.13
RPRTNLMLKIKFFCB08CA,坡道平面,0,33.13
RPSTNLMLKIKFFCB18CA,坡道平面,0,33.13
RPSTNLMLKIKFFCB18CA,坡道平面,0,33.13
RPUTNLMLKIKFFCB38CA,坡道平面,1050000,33.13
RPPNOLMLKIKFFCB37CA,坡道平面,0,33.13
RPPNOLMLKIKFFCB37CA,坡道平面,0,33.13
RPONOLMLKIKFFCB27CA,坡道平面,1150000,33.13
RPTTNLMLKIKFFCB28CA,坡道平面,1300000,33.13
RPWWNLMLKIKFFCB88CA,坡道平面,950000,33.13
RPWWNLMLKIKFFCB88CA,坡道平面,950000,33.13
RPSNOLMLKIKFFCB67CA,坡道平面,1250000,33.13
RPRNOLMLKIKFFCB57CA,坡道平面,0,33.13
RPQNOLMLKIKFFCB47CA,坡道平面,1000000,33.13
RPQNOLMLKIKFFCB47CA,坡道平面,1000000,33.13
RPTNOLMLKIKFFCB77CA,坡道平面,950000,33.13
RPTNOLMLKIKFFCB77CA,坡道平面,950000,33.13
RPUNOLMLKIKFFCB87CA,坡道平面,1200000,33.13
RPUNOLMLKIKFFCB87CA,坡道平面,1200000,33.13
RPVNOLMLKIKFFCB97CA,坡道平面,1200000,33.13
RPVNOLMLKIKFFCB97CA,坡道平面,1200000,33.13
RPWNOLMLKIKFFCB08CA,坡道平面,1400000,33.13
RPOOOLMLKIKFFCB37CA,坡道平面,0,33.13
RPQRMLMLKIKFFCB67CA,坡道平面,0,29.84
RPQRMLMLKIKFFCB67CA,坡道平面,0,29.84
RPQRMLMLKIKFFCB67CA,坡道平面,0,29.84
RPRNNLMLKIKFFCB47CA,坡道平面,0,29.84
RPRNNLMLKIKFFCB47CA,坡道平面,0,29.84
RPRNNLMLKIKFFCB47CA,坡道平面,0,29.84
RPRNNLMLKIKFFCB47CA,坡道平面,0,29.84
RPXUMLMLKIKFFCB68CA,坡道平面,0,29.84
RPXUMLMLKIKFFCB68CA,坡道平面,0,29.84
RPXUMLMLKIKFFCB68CA,坡道平面,0,29.84
RPSRMLMLKIKFFCB87CA,坡道平面,0,29.84
RPSRMLMLKIKFFCB87CA,坡道平面,0,29.84
RPSRMLMLKIKFFCB87CA,坡道平面,0,29.84
RPSRMLMLKIKFFCB87CA,坡道平面,0,29.84
RPXNOLMLKIKFFCB18CA,坡道平面,0,29.84
RPXNOLMLKIKFFCB18CA,坡道平面,0,29.84
RPXNOLMLKIKFFCB18CA,坡道平面,0,29.84
RPXNOLMLKIKFFCB18CA,坡道平面,0,29.84
RPXNOLMLKIKFFCB18CA,坡道平面,0,29.84
RPXNOLMLKIKFFCB18CA,坡道平面,0,29.84
RPPOOLMLKIKFFCB47CA,坡道平面,0,29.84
RPPOOLMLKIKFFCB47CA,坡道平面,0,29.84
RPPOOLMLKIKFFCB47CA,坡道平面,0,29.84
RPPOOLMLKIKFFCB47CA,坡道平面,0,29.84
RPPOOLMLKIKFFCB47CA,坡道平面,0,29.84
RPPOOLMLKIKFFCB47CA,坡道平面,0,29.84
RPTWNLMLKIKFFCB58CA,坡道平面,800000,33.13
RPTWNLMLKIKFFCB58CA,坡道平面,800000,33.13
RPUWNLMLKIKFFCB68CA,坡道平面,1300000,33.13
RPSWNLMLKIKFFCB48CA,坡道平面,1000000,33.13
RPRWNLMLKIKFFCB38CA,坡道平面,0,33.13
RPRWNLMLKIKFFCB38CA,坡道平面,0,33.13
RPXRNLMLKIKFFCB48CA,坡道平面,0,29.84
RPXRNLMLKIKFFCB48CA,坡道平面,0,29.84
RPXRNLMLKIKFFCB48CA,坡道平面,0,29.84
RPQSMLNLKIKFFCB87CA,坡道平面,0,29.84
RPQSMLNLKIKFFCB87CA,坡道平面,0,29.84
RPQSMLNLKIKFFCB87CA,坡道平面,0,29.84
RPQSMLNLKIKFFCB87CA,坡道平面,0,29.84
RPUNMLNLKIKFFCB77CA,坡道平面,0,29.84
RPUNMLNLKIKFFCB77CA,坡道平面,0,29.84
RPUNMLNLKIKFFCB77CA,坡道平面,0,29.84
RPUNMLNLKIKFFCB77CA,坡道平面,0,29.84
RPUNMLNLKIKFFCB77CA,坡道平面,0,29.84
RPUNMLNLKIKFFCB77CA,坡道平面,0,29.84
RPTNMLNLKIKFFCB67CA,坡道平面,0,29.84
RPTNMLNLKIKFFCB67CA,坡道平面,0,29.84
RPTNMLNLKIKFFCB67CA,坡道平面,0,29.84
RPTNMLNLKIKFFCB67CA,坡道平面,0,29.84
RPTNMLNLKIKFFCB67CA,坡道平面,0,29.84
RPTNMLNLKIKFFCB67CA,坡道平面,0,29.84
RPUQMLMLKIKFFCB97CA,坡道平面,0,29.84
RPUQMLMLKIKFFCB97CA,坡道平面,0,29.84
RPUQMLMLKIKFFCB97CA,坡道平面,0,29.84
RPRQMLMLKIKFFCB67CA,坡道平面,0,29.84
RPRQMLMLKIKFFCB67CA,坡道平面,0,29.84
RPRQMLMLKIKFFCB67CA,坡道平面,0,29.84
RPOOMLRKKIKFFCB57CA,坡道平面,0,29.84
RPOOMLRKKIKFFCB57CA,坡道平面,0,29.84
RPOOMLRKKIKFFCB57CA,坡道平面,0,29.84
RPROMLRKKIKFFCB87CA,坡道平面,0,29.84
RPROMLRKKIKFFCB87CA,坡道平面,0,29.84
RPROMLRKKIKFFCB87CA,坡道平面,0,29.84
RPTOMLRKKIKFFCB08CA,坡道平面,0,29.84
RPTOMLRKKIKFFCB08CA,坡道平面,0,29.84
RPTOMLRKKIKFFCB08CA,坡道平面,0,29.84
RPXNMLNLKIKFFCB08CA,坡道平面,0,29.84
RPXNMLNLKIKFFCB08CA,坡道平面,0,29.84
RPXNMLNLKIKFFCB08CA,坡道平面,0,29.84
RPXNMLNLKIKFFCB08CA,坡道平面,0,29.84
RPXNMLNLKIKFFCB08CA,坡道平面,0,29.84
RPXNMLNLKIKFFCB08CA,坡道平面,0,29.84
RPQPMLRKKIKFFCB87CA,坡道平面,0,29.84
RPQPMLRKKIKFFCB87CA,坡道平面,0,29.84
RPQPMLRKKIKFFCB87CA,坡道平面,0,29.84
RPQOMLNLKIKFFCB47CA,坡道平面,0,29.84
RPQOMLNLKIKFFCB47CA,坡道平面,0,29.84
RPQOMLNLKIKFFCB47CA,坡道平面,0,29.84
RPQOMLNLKIKFFCB47CA,坡道平面,0,29.84
RPQOMLNLKIKFFCB47CA,坡道平面,0,29.84
RPQOMLNLKIKFFCB47CA,坡道平面,0,29.84
RPUPMLRKKIKFFCB28CA,坡道平面,0,29.84
RPUPMLRKKIKFFCB28CA,坡道平面,0,29.84
RPUPMLRKKIKFFCB28CA,坡道平面,0,29.84
RPOOMLNLKIKFFCB27CA,坡道平面,0,29.84
RPOOMLNLKIKFFCB27CA,坡道平面,0,29.84
RPOOMLNLKIKFFCB27CA,坡道平面,0,29.84
RPOOMLNLKIKFFCB27CA,坡道平面,0,29.84
RPOOMLNLKIKFFCB27CA,坡道平面,0,29.84
RPOOMLNLKIKFFCB27CA,坡道平面,0,29.84
RPRPMLRKKIKFFCB97CA,坡道平面,0,29.84
RPRPMLRKKIKFFCB97CA,坡道平面,0,29.84
RPRPMLRKKIKFFCB97CA,坡道平面,0,29.84
RPWPMLRKKIKFFCB48CA,坡道平面,0,29.84
RPWPMLRKKIKFFCB48CA,坡道平面,0,29.84
RPWPMLRKKIKFFCB48CA,坡道平面,0,29.84
RPWPMLRKKIKFFCB48CA,坡道平面,0,29.84
RPOQMLRKKIKFFCB77CA,坡道平面,0,29.84
RPOQMLRKKIKFFCB77CA,坡道平面,0,29.84
RPOQMLRKKIKFFCB77CA,坡道平面,0,29.84
RPUQMLQKKIKFFCB28CA,坡道機械,0,
RPRSMLLKKIKFFCB67CA,坡道平面,0,23.24
RPOPMLLKKIKFFCB07CA,坡道平面,0,29.84
RPOPMLLKKIKFFCB07CA,坡道平面,0,29.84
RPOPMLLKKIKFFCB07CA,坡道平面,0,29.84
RPSQMLLKKIKFFCB57CA,坡道平面,0,29.84
RPSQMLLKKIKFFCB57CA,坡道平面,0,29.84
RPSQMLLKKIKFFCB57CA,坡道平面,0,29.84
RPRPMLLKKIKFFCB37CA,坡道平面,0,29.84
RPRPMLLKKIKFFCB37CA,坡道平面,0,29.84
RPRPMLLKKIKFFCB37CA,坡道平面,0,29.84
RPXPMLLKKIKFFCB97CA,坡道平面,0,29.84
RPXPMLLKKIKFFCB97CA,坡道平面,0,29.84
RPXPMLLKKIKFFCB97CA,坡道平面,0,29.84
RPVOMLLKKIKFFCB67CA,坡道平面,0,29.84
RPVOMLLKKIKFFCB67CA,坡道平面,0,29.84
RPVOMLLKKIKFFCB67CA,坡道平面,0,29.84
RPUQMLLKKIKFFCB77CA,坡道平面,0,29.84
RPUQMLLKKIKFFCB77CA,坡道平面,0,29.84
RPUQMLLKKIKFFCB77CA,坡道平面,0,29.84
RPXQMLLKKIKFFCB08CA,坡道平面,0,29.84
RPXQMLLKKIKFFCB08CA,坡道平面,0,29.84
RPXQMLLKKIKFFCB08CA,坡道平面,0,29.84
RPPRMLLKKIKFFCB37CA,坡道平面,0,29.84
RPPRMLLKKIKFFCB37CA,坡道平面,0,29.84
RPPRMLLKKIKFFCB37CA,坡道平面,0,29.84
RPPRMLLKKIKFFCB37CA,坡道平面,0,29.84
RPXPMLRJKIKFFCB48CA,坡道平面,1600000,29.03
RPVQMLLKKIKFFCB87CA,坡道平面,0,19.83
RPVQMLLKKIKFFCB87CA,坡道平面,0,19.83
RPTQMLLKKIKFFCB67CA,坡道平面,0,19.83
RPTQMLLKKIKFFCB67CA,坡道平面,0,19.83
RPTQMLLKKIKFFCB67CA,坡道平面,0,19.83
RPPQMLLKKIKFFCB27CA,坡道平面,0,19.83
RPPQMLLKKIKFFCB27CA,坡道平面,0,19.83
RPWPMLLKKIKFFCB87CA,坡道平面,0,19.83
RPWPMLLKKIKFFCB87CA,坡道平面,0,19.83
RPTOMLSJKIKFFCB08CA,坡道平面,0,
RPRQMLLKKIKFFCB47CA,坡道平面,0,19.83
RPRQMLLKKIKFFCB47CA,坡道平面,0,19.83
RPUNMLSKKIKFFCB18CA,坡道平面,0,23.61
RPRQMLRJKIKFFCB97CA,升降機械,0,
RPRNMLSKKIKFFCB87CA,坡道平面,0,
RPTNMLSKKIKFFCB08CA,坡道平面,0,
RPRNMLMJKIKFFFL48CA,坡道平面,0,
RPXOMLNJKIKFFFL66CA,坡道機械,0,
RPRNMLTJKIKFFFL56CA,坡道機械,0,
RPUSMLLLKIKFFBB97CA,坡道平面,0,32.04
RPWPMLLLKIKFFBB87CA,坡道平面,0,
RPTPMLLJKIKFFCB47CA,坡道平面,0,16.61
RPTPMLLJKIKFFCB47CA,坡道平面,0,16.61
RPQPMLLJKIKFFCB17CA,坡道平面,0,
RPVNMLNJKIKFFCB67CA,坡道機械,750000,13.23
RPVNMLNJKIKFFCB67CA,坡道機械,600000,13.23
RPWNMLSLJIKFFCB38CA,坡道機械,0,
RPPPMLQLJIKFFCB67CA,坡道平面,0,22.00
RPSOMLRLJIKFFCB97CA,坡道機械,0,
RPWPMLPLJIKFFCB28CA,坡道機械,0,21.33
RPOOMLMJKIKFFBB86CA,升降機械,0,
RPSNMLKKKIKFFBB07CA,升降機械,0,11.57
RPXPMLRLJIKFFBB48CA,坡道機械,0,
RPTNMLPJKIKFFBB57CA,坡道機械,0,
RPSNMLQJKIKFFBB57CA,坡道平面,0,
RPUNMLQLJIKFFAB77CA,坡道平面,0,
RPQQMLRLJIKFFAB77CA,坡道平面,0,
RPQQMLRLJIKFFAB77CA,坡道平面,0,
RPWPMLLLKIKFFAB77CA,坡道機械,0,11.25
RPOOMLLJKIKFFAB66CA,坡道機械,0,
RPOOMLLJKIKFFAB66CA,坡道機械,0,
RPSOMLQLJIKFFAB67CA,坡道平面,0,
RPSOMLQLJIKFFAB67CA,坡道平面,0,
RPSOMLQLJIKFFAB67CA,坡道平面,0,
RPSOMLQLJIKFFAB67CA,坡道平面,0,
RPSOMLQLJIKFFAB67CA,坡道機械,0,
RPSOMLQLJIKFFAB67CA,坡道機械,0,
RPRNMLPLJIKFFHL09CA,坡道平面,0,
RPRNMLSJKIKFFGL56CA,坡道平面,0,
RPTOMLTJKIKFFGL96CA,坡道平面,1000000,27.07
RPTNMLLJKIKFFGL68CA,坡道平面,1250000,15.09
RPUNMLLJKIKFFGL78CA,坡道平面,1100000,15.09
RPVNMLLJKIKFFGL88CA,坡道平面,1250000,15.09
RPPOMLLJKIKFFGL38CA,坡道平面,1000000,12.97
RPQOMLLJKIKFFGL48CA,坡道平面,1000000,12.97
RPROMLLJKIKFFGL58CA,坡道平面,1100000,15.09
RPURMLLLKIKFFGL76CA,坡道平面,1200000,31.91
RPPRMLLLKIKFFGL88CA,坡道平面,1200000,31.91
RPSRMLLLKIKFFGL56CA,坡道平面,1500000,31.91
RPRRMLLLKIKFFGL09CA,坡道平面,1500000,31.91
RPWRMLLLKIKFFGL96CA,坡道平面,1200000,28.21
RPVRMLLLKIKFFGL86CA,坡道平面,1150000,31.91
RPXRMLLLKIKFFGL07CA,坡道平面,1150000,28.21
RPWQMLLLKIKFFGL86CA,坡道平面,1200000,28.21
RPORMLLLKIKFFGL78CA,坡道平面,1200000,31.91
RPQRMLLLKIKFFGL98CA,坡道平面,1300000,31.91
RPQSMLLLKIKFFGL09CA,坡道平面,1200000,31.91
RPOSMLLLKIKFFGL88CA,坡道平面,1100000,31.91
RPQNMLMLKIKFFGL68CA,坡道機械,600000,13.53
RPUNMLMLKIKFFGL09CA,坡道平面,1200000,31.91
RPVSMLLLKIKFFGL96CA,坡道平面,0,
RPPOMLMLKIKFFGL68CA,坡道平面,1100000,28.21
RPOOMLMLKIKFFGL58CA,坡道平面,900000,28.21
RPVOMLLLKIKFFGL56CA,坡道平面,1100000,28.21
RPSOMLLLKIKFFGL88CA,坡道平面,900000,28.21
RPXSMLLLKIKFFGL17CA,坡道平面,0,
RPWNMLLLKIKFFGL56CA,坡道平面,1150000,31.91
RPXNMLLLKIKFFGL66CA,坡道平面,1100000,28.21
RPSOMLMLKIKFFGL98CA,坡道平面,1200000,31.91
RPXOMLLJKIKFFGL56CA,坡道平面,1100000,15.09
RPVOMLLJKIKFFGL98CA,坡道平面,1150000,15.09
RPTOMLLJKIKFFGL78CA,坡道平面,1250000,15.09
RPSPMLLJKIKFFGL78CA,坡道平面,1150000,15.09
RPUOMLLJKIKFFGL88CA,坡道平面,1100000,15.09
RPQPMLLJKIKFFGL58CA,坡道平面,1150000,15.09
RPTPMLLJKIKFFGL88CA,坡道平面,1150000,15.09
RPOPMLLJKIKFFGL38CA,坡道平面,1250000,15.09
RPRPMLLJKIKFFGL68CA,坡道平面,1150000,15.09
RPUPMLLJKIKFFGL98CA,坡道平面,1250000,15.09
RPWPMLLJKIKFFGL56CA,坡道平面,1150000,15.09
RPVPMLLJKIKFFGL09CA,坡道平面,1150000,15.09
RPOOMLQLJIKFFGL88CA,坡道平面,0,27.22
RPROMLQLJIKFFGL56CA,坡道平面,0,
RPUNMLTJKIKFFGL07DA,坡道平面,0,
RPUPMLRJKIKFFCB28DA,坡道機械,0,
RPQPMLNJKIKFFBB37DA,坡道平面,0,
RPXPMLLJKIKFFGL66CA,坡道平面,1150000,15.09
RPQQMLLJKIKFFGL68CA,坡道平面,1150000,12.97
RPPQMLLJKIKFFGL58CA,坡道平面,1100000,15.09
RPRQMLLJKIKFFGL78CA,坡道平面,1100000,15.09
RPSQMLLJKIKFFGL88CA,坡道平面,1250000,15.09
RPUQMLLJKIKFFGL09CA,坡道平面,1150000,15.09
RPVQMLLJKIKFFGL56CA,坡道平面,1100000,15.09
RPWQMLLJKIKFFGL66CA,坡道平面,1100000,15.09
RPXQMLLJKIKFFGL76CA,坡道平面,1250000,15.09
RPPRMLLJKIKFFGL68CA,坡道平面,1150000,15.09
RPQRMLLJKIKFFGL78CA,坡道平面,1100000,15.09
RPTRMLLJKIKFFGL09CA,坡道平面,1150000,15.09
RPSRMLLJKIKFFGL98CA,坡道平面,1150000,15.09
RPURMLLJKIKFFGL56CA,坡道平面,1150000,12.97
RPVRMLLJKIKFFGL66CA,坡道平面,1250000,15.09
RPTOMLMLKIKFFGL09CA,坡道平面,1200000,31.91
RPWRMLLJKIKFFGL76CA,坡道平面,1150000,15.09
RPVOMLMLKIKFFGL66CA,坡道平面,1200000,31.91
RPWSMLLLKIKFFGL07CA,坡道平面,0,
RPXOMLMLKIKFFGL86CA,坡道平面,1200000,28.21
RPOPMLMLKIKFFGL68CA,坡道平面,1250000,31.91
RPRSMLLJKIKFFGL98CA,坡道平面,1100000,15.09
RPQSMLLJKIKFFGL88CA,坡道平面,1150000,15.09
RPSSMLLJKIKFFGL09CA,坡道平面,1000000,12.97
RPTSMLLJKIKFFGL56CA,坡道平面,1100000,15.09
RPVSMLLJKIKFFGL76CA,坡道平面,1100000,15.09
RPXSMLLJKIKFFGL96CA,坡道平面,1150000,15.09
RPRTMLLJKIKFFGL09CA,坡道平面,1150000,15.09
RPTTMLLJKIKFFGL66CA,坡道平面,1100000,15.09
RPQTMLLJKIKFFGL98CA,坡道平面,1100000,12.97
RPSTMLLJKIKFFGL56CA,坡道平面,1150000,15.09
RPPTMLLJKIKFFGL88CA,坡道平面,1150000,15.09
RPRNMLOLKIKFFGL98CA,坡道平面,1000000,31.91
RPRNMLOLKIKFFGL98CA,坡道平面,1000000,31.91
RPTNMLTJKIKFFGL86CA,坡道平面,1400000,
RPORMLOJKIKFFHL98CA,坡道機械,0,
RPVPMLNJKIKFFGL66CA,坡道平面,0,15.09
RPVPMLNJKIKFFGL66CA,坡道平面,0,15.09
RPUPMLNJKIKFFGL56CA,坡道平面,0,15.09
RPUPMLNJKIKFFGL56CA,坡道平面,0,15.09
RPTPMLPKKIKFFHL86CA,一樓平面,0,
RPPNMLSKKIKFFHL56CA,坡道機械,0,
RPWNMLQLJIKFFAB97CA,坡道機械,0,
RPVNMLKMJIKFFAB37CA,坡道機械,0,6.76
RPVPMLTJKIKFFAB28CA,坡道機械,0,6.05
RPUPMLTJKIKFFAB18CA,坡道平面,0,22.62
RPUPMLTJKIKFFAB18CA,坡道平面,0,22.62
RPROMLSJKIKFFAB67CA,坡道機械,0,13.32
RPROMLSJKIKFFAB67CA,坡道機械,0,13.32
RPSNMLQLJIKFFBB67CA,坡道平面,0,
RPSNMLQLJIKFFBB67CA,坡道平面,0,
RPQNMLQJKIKFFAB27CA,坡道機械,0,9.41
RPPNMLRLJIKFFBB47CA,坡道平面,0,
RPPNMLRLJIKFFBB47CA,坡道平面,0,
RPXPMLLJKIKFFBB77CA,坡道平面,600000,28.20
RPQNMLQJKIKFFBB37CA,坡道平面,0,
RPRPMLOJKIKFFBB47CA,坡道平面,0,
RPORMLLJKIKFFBB07CA,坡道機械,0,
SPSSMLKKKIKFFBB67CA,坡道平面,0,21.53
RPSSMLKKKIKFFBB57CA,坡道平面,0,21.53
RPOSMLKKKIKFFBB17CA,坡道平面,0,21.53
RPPOMLMKKIKFFBB07CA,坡道機械,0,14.44
RPPOMLMKKIKFFBB07CA,坡道機械,0,14.44
RPSOMLMKKIKFFBB37CA,坡道平面,1250000,22.46
RPROMLMKKIKFFBB27CA,坡道平面,1200000,20.86
RPOOMLMKKIKFFBB96CA,坡道機械,600000,14.44
RPQOMLMKKIKFFBB17CA,坡道機械,600000,14.44
RPWNMLMKKIKFFBB67CA,坡道機械,0,14.44
RPWNMLMKKIKFFBB67CA,坡道機械,0,14.44
RPUOMLMKKIKFFBB57CA,坡道平面,1200000,20.86
RPVOMLMKKIKFFBB67CA,坡道平面,1250000,22.46
RPTOMLMKKIKFFBB47CA,坡道平面,1200000,20.86
RPWOMLMKKIKFFBB77CA,坡道機械,600000,14.44
RPRPMLMKKIKFFBB37CA,坡道機械,0,14.44
RPRPMLMKKIKFFBB37CA,坡道機械,0,14.44
RPQPMLMKKIKFFBB27CA,坡道機械,600000,14.44
RPTPMLMKKIKFFBB57CA,坡道平面,1250000,22.46
RPXOMLMKKIKFFBB87CA,坡道機械,800000,14.44
RPPPMLMKKIKFFBB17CA,坡道平面,1200000,20.86
RPWPMLMKKIKFFBB87CA,坡道平面,1250000,22.46
RPOPMLMKKIKFFBB07CA,坡道機械,800000,14.44
RPUPMLMKKIKFFBB67CA,坡道機械,650000,14.44
RPVPMLMKKIKFFBB77CA,坡道機械,800000,14.44
RPSPMLMKKIKFFBB47CA,坡道平面,0,22.46
RPSPMLMKKIKFFBB47CA,坡道平面,0,22.46
RPOQMLMKKIKFFBB17CA,坡道平面,1300000,22.46
RPPQMLMKKIKFFBB27CA,坡道平面,0,22.46
RPPQMLMKKIKFFBB27CA,坡道平面,0,22.46
RPRQMLMKKIKFFBB47CA,坡道機械,800000,14.44
RPQQMLMKKIKFFBB37CA,坡道平面,1200000,20.86
RPTQMLMKKIKFFBB67CA,坡道平面,1200000,20.86
RPXPMLMKKIKFFBB97CA,坡道機械,600000,14.44
RPUQMLMKKIKFFBB77CA,坡道平面,1300000,22.46
RPVQMLMKKIKFFBB87CA,坡道平面,830000,22.46
RPXQMLMKKIKFFBB08CA,坡道平面,0,14.44
RPXQMLMKKIKFFBB08CA,坡道機械,0,22.46
RPSQMLMKKIKFFBB57CA,坡道機械,800000,14.44
RPWQMLMKKIKFFBB97CA,坡道機械,600000,14.44
RPORMLMKKIKFFBB27CA,坡道平面,1300000,22.46
RPVRMLMKKIKFFBB97CA,坡道機械,800000,14.44
RPWRMLMKKIKFFBB08CA,坡道平面,1250000,20.86
RPXRMLMKKIKFFBB18CA,坡道平面,1250000,22.46
RPURMLMKKIKFFBB87CA,坡道平面,1300000,22.46
RPTRMLMKKIKFFBB77CA,坡道機械,800000,14.44
RPRRMLMKKIKFFBB57CA,坡道機械,800000,14.44
RPQRMLMKKIKFFBB47CA,坡道機械,800000,14.44
RPPRMLMKKIKFFBB37CA,坡道機械,800000,14.44
RPSRMLMKKIKFFBB67CA,坡道平面,1200000,22.46
RPWSMLMKKIKFFBB18CA,坡道機械,800000,14.44
RPQSMLMKKIKFFBB57CA,坡道平面,1300000,22.46
RPSSMLMKKIKFFBB77CA,坡道平面,1200000,22.46
RPPSMLMKKIKFFBB47CA,坡道平面,1250000,22.46
RPUSMLMKKIKFFBB97CA,坡道平面,1250000,22.46
RPOSMLMKKIKFFBB37CA,坡道平面,1250000,22.46
RPXSMLMKKIKFFBB28CA,坡道平面,1250000,22.46
RPRSMLMKKIKFFBB67CA,坡道平面,1250000,22.46
RPVSMLMKKIKFFBB08CA,坡道平面,1300000,22.46
RPOTMLMKKIKFFBB47CA,坡道機械,600000,14.44
RPPTMLMKKIKFFBB57CA,坡道機械,600000,14.44
RPQTMLMKKIKFFBB67CA,坡道平面,1300000,22.46
RPSTMLMKKIKFFBB87CA,坡道機械,550000,14.44
RPTTMLMKKIKFFBB97CA,坡道機械,0,14.44
RPTTMLMKKIKFFBB97CA,坡道機械,0,14.44
RPRTMLMKKIKFFBB77CA,坡道平面,1300000,22.46
RPXTMLMKKIKFFBB38CA,坡道機械,0,14.44
RPXTMLMKKIKFFBB38CA,坡道機械,0,14.44
RPVTMLMKKIKFFBB18CA,坡道機械,800000,14.44
RPUTMLMKKIKFFBB08CA,坡道平面,1200000,20.86
RPWTMLMKKIKFFBB28CA,坡道機械,800000,14.44
RPQUMLMKKIKFFBB77CA,坡道機械,850000,14.44
RPOUMLMKKIKFFBB57CA,坡道平面,1250000,22.46
RPPUMLMKKIKFFBB67CA,坡道平面,1200000,22.46
RPRUMLMKKIKFFBB87CA,坡道平面,1250000,22.46
RPSUMLMKKIKFFBB97CA,坡道機械,600000,14.44
RPVNMLLJKIKFFCB47CA,坡道機械,0,
RPUSMLRLJIKFFCB58CA,升降機械,0,
RPVSMLRLJIKFFCB68CA,坡道機械,0,
RPPPMLRLJIKFFCB77CA,坡道平面,0,22.20
RPPPMLRLJIKFFCB77CA,坡道平面,0,22.20
RPPPMLRLJIKFFCB77CA,坡道平面,0,29.30
RPVNMLKMJIKFFCB57CA,坡道平面,0,15.44
RPVNMLKMJIKFFCB57CA,坡道平面,0,15.44
RPQOMLOJKIKFFCB37CA,其他,0,
RPVPMLLJKIKFFCB67CA,坡道機械,0,11.80
RPVPMLLJKIKFFCB67CA,坡道機械,0,11.80
RPVPMLLJKIKFFCB67CA,坡道機械,0,11.80
RPTWMLMLKIKFFBB38CA,坡道平面,0,
RPWNMLTKKIKFFBB38CA,坡道平面,1250000,22.46
RPXNMLLKLHLFFBB77CA,坡道平面,0,28.12
VPUONLMLKIKFFCB28CA,坡道平面,1650000,17.27
VPUONLMLKIKFFCB28CA,坡道平面,1650000,17.27
RPVNNLMLKIKFFCB87CA,坡道平面,1650000,17.27
RPVNNLMLKIKFFCB87CA,坡道平面,1650000,17.27
RPUNNLMLKIKFFCB77CA,坡道平面,1650000,17.27
RPUNNLMLKIKFFCB77CA,坡道平面,1650000,17.27
RPPONLMLKIKFFCB37CA,坡道平面,1100000,14.76
RPPONLMLKIKFFCB37CA,坡道機械,650000,8.35
RPOONLMLKIKFFCB27CA,坡道平面,1100000,14.76
RPOONLMLKIKFFCB27CA,坡道機械,650000,8.35
SPUONLMLKIKFFCB97CA,坡道平面,1450000,17.27
SPUONLMLKIKFFCB97CA,坡道平面,1450000,17.27
RPWONLMLKIKFFCB08CA,坡道平面,1450000,17.27
RPWONLMLKIKFFCB08CA,坡道平面,1450000,17.27
RPWONLMLKIKFFCB08CA,坡道平面,1450000,17.27
RPUONLMLKIKFFCB87CA,坡道平面,1450000,17.27
RPUONLMLKIKFFCB87CA,坡道平面,1450000,17.27
RPUONLMLKIKFFCB87CA,坡道平面,1450000,17.27
TPUONLMLKIKFFCB08CA,坡道平面,1650000,17.27
TPUONLMLKIKFFCB08CA,坡道平面,1650000,17.27
UPUONLMLKIKFFCB18CA,坡道平面,1650000,17.27
UPUONLMLKIKFFCB18CA,坡道平面,1650000,17.27
TPWONLMLKIKFFCB28CA,坡道平面,1650000,17.27
TPWONLMLKIKFFCB28CA,坡道平面,1650000,17.27
VPWONLMLKIKFFCB48CA,坡道平面,1650000,17.27
VPWONLMLKIKFFCB48CA,坡道平面,1650000,17.27
SPWONLMLKIKFFCB18CA,坡道平面,1450000,17.27
SPWONLMLKIKFFCB18CA,坡道平面,1450000,17.27
UPWONLMLKIKFFCB38CA,坡道平面,1650000,17.27
UPWONLMLKIKFFCB38CA,坡道平面,1650000,17.27
RPTTMLQKKIKFFCB48CA,升降機械,0,
RPOUMLQKKIKFFCB08CA,坡道機械,0,
RPOUMLQKKIKFFCB08CA,坡道機械,0,
RPPUMLQKKIKFFCB18CA,其他,0,
RPVOMLKKKIKFFCB57CA,坡道平面,0,23.27
RPVOMLKKKIKFFCB57CA,坡道平面,0,23.27
RPVOMLOJKIKFFCB87CA,坡道機械,0,
RPUQMLSLKIKFFCB58CA,坡道平面,0,17.43
RPUQMLSLKIKFFCB58CA,坡道平面,0,20.17
RPUQMLSLKIKFFCB58CA,坡道平面,0,20.17
RPPSMLPLKIKFFCB97CA,坡道平面,0,
RPPSMLPLKIKFFCB97CA,坡道平面,0,
RPRUMLPLKIKFFCB38CA,坡道機械,0,
RPRUMLPLKIKFFCB38CA,坡道機械,0,
RPUNMLRJKIKFFCB97CA,升降機械,0,
RPVNMLMJKIKFFFL88CA,一樓平面,625000,10.00
RPURMLSLKIKFFCB68CA,坡道平面,0,
RPURMLSLKIKFFCB68CA,坡道機械,0,
RPPNMLRLJIKFFFL88CA,坡道機械,0,
RPTOMLOJKIKFFFL98CA,一樓平面,0,
RPSOMLPLKIKFFCB87CA,坡道機械,0,
RPRRNLOLKIKFFCB08CA,坡道平面,630000,23.17
RPSNMLQJRHMFFCB48CA,坡道平面,0,32.46
RPSNMLQJRHMFFCB48CA,坡道平面,0,32.46
RPWQMLRKKIKFFCB58CA,坡道平面,0,
RPPPMLPJRHMFFCB28CA,坡道平面,0,32.46
RPPPMLPJRHMFFCB28CA,坡道平面,0,32.46
RPXQMLOJRHMFFCB09CA,坡道平面,0,32.46
RPXQMLOJRHMFFCB09CA,坡道平面,0,32.46
RPXQMLOJRHMFFCB09CA,坡道平面,0,32.46
RPTOMLPJRHMFFCB58CA,坡道平面,0,32.46
RPTOMLPJRHMFFCB58CA,坡道平面,0,32.46
RPTOMLPJRHMFFCB58CA,坡道平面,0,32.46
RPQPMLPJRHMFFCB38CA,坡道平面,0,32.46
RPQPMLPJRHMFFCB38CA,坡道平面,0,32.46
RPWOMLSJRHMFFCB56CA,坡道平面,0,32.46
RPWOMLSJRHMFFCB56CA,坡道平面,0,32.46
RPOPMLSJRHMFFCB48CA,坡道平面,0,32.46
RPOPMLSJRHMFFCB48CA,坡道平面,0,32.46
RPXOMLSJRHMFFCB66CA,坡道平面,0,32.46
RPXOMLSJRHMFFCB66CA,坡道平面,0,32.46
RPQSMLMKRHMFFCB48CA,坡道平面,0,32.46
RPQSMLMKRHMFFCB48CA,坡道平面,0,32.46
RPQSMLMKRHMFFCB48CA,坡道平面,0,32.46
RPRSMLMKRHMFFCB58CA,坡道平面,0,32.46
RPRSMLMKRHMFFCB58CA,坡道平面,0,32.46
RPRSMLMKRHMFFCB58CA,坡道平面,0,32.46
RPTSMLMKRHMFFCB78CA,坡道平面,0,32.46
RPTSMLMKRHMFFCB78CA,坡道平面,0,32.46
RPOPMLOJRHMFFCB08CA,坡道平面,0,32.46
RPOPMLOJRHMFFCB08CA,坡道平面,0,32.46
RPQPMLOJRHMFFCB28CA,坡道平面,0,32.46
RPQPMLOJRHMFFCB28CA,坡道平面,0,32.46
RPXOMLOJRHMFFCB88CA,坡道平面,0,32.46
RPXOMLOJRHMFFCB88CA,坡道平面,0,32.46
RPOOMLTKKIKFFBB67CA,坡道平面,0,
RPTOMLOLKIKFFBB77CA,坡道機械,0,
RPTOMLOLKIKFFBB77CA,坡道機械,0,
RPQOMLOLKIKFFBB47CA,坡道平面,0,
RPOPMLKMJIKFFCB07CA,坡道機械,0,13.80
RPOSMLRLJIKFFCB97CA,坡道平面,0,
RPOSMLRLJIKFFCB97CA,坡道平面,0,
RPOSMLRLJIKFFCB97CA,坡道平面,0,
RPTSMLKKKIKFFBB67CA,坡道機械,0,
RPQRMLLJKIKFFBB27CA,坡道平面,0,
RPTPMLLJKIKFFBB37CA,坡道機械,0,14.97
RPXNMLMJKIKFFBB67CA,坡道平面,0,
RPPOMLRJKIKFFBB47CA,坡道平面,0,
RPWNMLPJKIKFFBB87CA,坡道平面,0,14.96
RPWNMLPJKIKFFBB87CA,坡道平面,0,14.96
RPWNMLPJKIKFFBB87CA,坡道平面,0,12.98
RPRNMLOLKIKFFAB37CA,坡道平面,0,
RPRNMLOLKIKFFAB37CA,坡道平面,0,
RPRNMLOLKIKFFAB37CA,坡道平面,0,
RPRNMLOLKIKFFAB37CA,坡道平面,0,
RPRNMLOLKIKFFAB37CA,坡道平面,0,
RPTNMLOLKIKFFAB57CA,坡道平面,0,31.80
RPUPMLNLKIKFFAB77CA,坡道平面,1250000,33.94
RPSNMLOLKIKFFAB47CA,坡道平面,0,33.94
RPUOMLNLKIKFFAB67CA,坡道平面,1200000,33.94
RPTOMLNLKIKFFAB57CA,坡道平面,1050000,33.94
RPPPMLNLKIKFFAB27CA,坡道平面,1000000,31.80
RPSPMLNLKIKFFAB57CA,坡道平面,1050000,33.94
RPXPMLNLKIKFFAB08CA,坡道平面,1050000,33.94
RPVPMLNLKIKFFAB87CA,坡道平面,1050000,33.94
RPUOMLRKKIKFFAB97CA,坡道平面,0,37.54
RPUOMLRKKIKFFAB97CA,坡道平面,0,37.54
RPTOMLMLKIKFFAB47CA,坡道平面,1200000,33.94
RPSOMLMLKIKFFAB37CA,坡道平面,1050000,33.94
RPQOMLMLKIKFFAB17CA,坡道平面,1050000,33.94
RPPOMLMLKIKFFAB07CA,坡道平面,1100000,31.80
RPPNMLMLKIKFFAB96CA,坡道平面,1150000,33.94
RPUNMLMLKIKFFAB47CA,坡道平面,1050000,33.94
RPUOMLMLKIKFFAB57CA,坡道平面,0,33.94
RPUOMLMLKIKFFAB57CA,坡道平面,0,31.80
RPVNMLMLKIKFFAB57CA,坡道平面,0,31.80
RPPPMLMLKIKFFAB17CA,坡道平面,1250000,33.94
RPVOMLMLKIKFFAB67CA,坡道平面,1200000,33.94
RPSPMLMLKIKFFAB47CA,坡道平面,1050000,33.94
RPTPMLMLKIKFFAB57CA,坡道平面,1250000,33.94
RPXOMLMLKIKFFAB87CA,坡道平面,0,33.94
RPXOMLMLKIKFFAB87CA,坡道平面,0,33.94
RPVPMLMLKIKFFAB77CA,坡道平面,1050000,33.94
RPWPMLMLKIKFFAB87CA,坡道平面,0,33.94
RPWPMLMLKIKFFAB87CA,坡道平面,0,33.94
RPOQMLMLKIKFFAB17CA,坡道平面,1250000,33.94
RPPQMLMLKIKFFAB27CA,坡道平面,0,33.94
RPPQMLMLKIKFFAB27CA,坡道平面,0,33.94
RPXPMLMLKIKFFAB97CA,坡道平面,0,33.94
RPXPMLMLKIKFFAB97CA,坡道平面,0,33.94
RPRQMLMLKIKFFAB47CA,坡道平面,1250000,33.94
RPSQMLMLKIKFFAB57CA,坡道平面,1000000,31.80
RPTQMLMLKIKFFAB67CA,坡道平面,1150000,31.80
RPORMLMLKIKFFAB27CA,坡道平面,1250000,33.94
RPVQMLMLKIKFFAB87CA,坡道平面,1250000,31.80
RPXQMLMLKIKFFAB08CA,坡道平面,1050000,33.94
RPPRMLMLKIKFFAB37CA,坡道平面,1200000,33.94
RPQRMLMLKIKFFAB47CA,坡道平面,1050000,33.94
RPTPMLTJKIKFFAB08CA,坡道機械,0,11.96
RPTOMLKKKIKFFAB17CA,坡道平面,0,
RPTOMLKKKIKFFAB17CA,坡道平面,0,
RPXNMLLJKIKFFAB47CA,坡道平面,0,
RPTNMLSKKIKFFHL96CA,坡道平面,0,
RPSNMLOJKIKFFHL98CA,坡道平面,0,
RPSOMLSJKIKFFHL86CA,坡道機械,0,
RPVTMLLJKIKFFGL86CA,坡道平面,1100000,15.09
RPUTMLLJKIKFFGL76CA,坡道平面,1250000,15.09
RPXNMLNJKIKFFGL66CA,坡道機械,0,12.38
RPOUMLLJKIKFFGL88CA,坡道平面,1100000,15.09
RPPUMLLJKIKFFGL98CA,坡道平面,1000000,12.97
RPRUMLLJKIKFFGL56CA,坡道平面,1100000,12.97
RPTUMLLJKIKFFGL76CA,坡道平面,1100000,15.09
RPSUMLLJKIKFFGL66CA,坡道平面,1100000,15.09
RPVUMLLJKIKFFGL96CA,坡道平面,1100000,15.09
RPUUMLLJKIKFFGL86CA,坡道平面,1100000,15.09
RPQUMLLJKIKFFGL09CA,坡道平面,1250000,15.09
RPXUMLLJKIKFFGL17CA,坡道平面,1100000,15.09
RPTPMLSJKIKFFGL96CA,坡道平面,1000000,12.97
RPUPMLSJKIKFFGL07CA,坡道平面,1250000,15.09
RPSVMLLJKIKFFGL76CA,坡道平面,1250000,15.09
RPOVMLLJKIKFFGL98CA,坡道平面,1150000,15.09
RPPVMLLJKIKFFGL09CA,坡道平面,1100000,12.97
RPRVMLLJKIKFFGL66CA,坡道平面,1100000,15.09
RPTVMLLJKIKFFGL86CA,坡道平面,1150000,15.09
RPUVMLLJKIKFFGL96CA,坡道平面,1100000,15.09
RPQVMLLJKIKFFGL56CA,坡道平面,1100000,15.09
RPXVMLLJKIKFFGL27CA,坡道平面,1250000,15.09
RPWVMLLJKIKFFGL17CA,坡道平面,1100000,15.09
RPOWMLLJKIKFFGL09CA,坡道平面,1100000,15.09
RPRNMLRKKIKFFFL09CA,坡道平面,0,30.95
RPPWMLLJKIKFFGL56CA,坡道平面,1250000,15.09
RPTNMLMLKIKFFFL88CA,坡道機械,0,
RPTPMLMLKIKFFCB87DA,坡道機械,0,
RPTPMLMLKIKFFCB87DA,坡道機械,0,
RPUPMLQKKIKFFCB28DA,坡道平面,0,
RPSNMLQKKIKFFAL58CA,坡道平面,0,
RPOOMLPLKIKFFCB47CA,坡道機械,0,
RPQUMLOLKIKFFCB18CA,坡道平面,1150000,33.13
RPUUMLOLKIKFFCB58CA,坡道平面,1300000,33.13
RPRVMLOLKIKFFCB38CA,坡道平面,0,33.13
RPRVMLOLKIKFFCB38CA,坡道平面,0,33.13
RPVUMLOLKIKFFCB68CA,坡道平面,1150000,33.13
RPOVMLOLKIKFFCB08CA,坡道平面,1200000,33.13
RPOVMLOLKIKFFCB08CA,坡道平面,1200000,33.13
RPTUMLOLKIKFFCB48CA,坡道平面,1000000,33.13
RPRUMLOLKIKFFCB28CA,坡道平面,0,33.13
RPRUMLOLKIKFFCB28CA,坡道平面,0,33.13
RPXQNLOLKIKFFCB58CA,坡道機械,0,
RPXUMLOLKIKFFCB88CA,坡道平面,0,33.13
RPXUMLOLKIKFFCB88CA,坡道平面,0,33.13
RPWUMLOLKIKFFCB78CA,坡道平面,900000,33.13
RPXPNLMLKIKFFCB28CA,坡道機械,0,
RPPVMLOLKIKFFCB18CA,坡道平面,0,33.13
RPWTMLQKKIKFFCB78CA,坡道機械,0,
RPVTNLMLKIKFFCB48CA,坡道平面,0,25.83
RPVTNLMLKIKFFCB48CA,坡道平面,0,29.94
RPVTNLMLKIKFFCB48CA,坡道平面,0,29.94
RPRTMLSLKIKFFCB58CA,坡道平面,0,21.37
RPRTMLSLKIKFFCB58CA,坡道機械,0,11.19
RPRTMLSLKIKFFCB58CA,坡道機械,0,11.19
RPOTMLSLKIKFFCB28CA,坡道平面,0,11.19
RPOTMLSLKIKFFCB28CA,坡道平面,0,11.19
RPQTMLSLKIKFFCB48CA,坡道平面,0,22.94
RPQTMLSLKIKFFCB48CA,坡道機械,0,10.19
RPQTMLSLKIKFFCB48CA,坡道機械,0,10.19
RPXPMLOJKIKFFCB18CA,坡道平面,0,23.17
RPQNMLSJKIKFFCB67CA,坡道平面,0,24.13
RPQNMLSJKIKFFCB67CA,坡道平面,0,24.13
RPROMLPKKIKFFCB67CA,坡道平面,0,29.46
RPROMLPKKIKFFCB67CA,坡道平面,0,29.46
RPRPMLRJKIKFFCB87CA,坡道平面,1200000,31.41
RPRPMLRJKIKFFCB87CA,坡道平面,1200000,31.41
RPRPMLRJKIKFFCB87CA,坡道平面,1200000,31.41
RPSPMLRJKIKFFCB97CA,坡道平面,1200000,31.41
RPSPMLRJKIKFFCB97CA,坡道平面,1200000,31.41
RPPQMLSJKIKFFCB87CA,坡道平面,0,33.01
RPRQMLSJKIKFFCB08CA,坡道平面,0,4.11
RPOQMLSJKIKFFCB77CA,坡道平面,0,33.01
RPROMLSJKIKFFCB87CA,坡道平面,0,
RPTNNLTLKIKFFCB38CA,坡道平面,0,22.94
RPTNNLTLKIKFFCB38CA,坡道機械,0,10.19
RPTNNLTLKIKFFCB38CA,坡道機械,0,10.19
RPTOMLLJKIKFFAB17CA,升降平面,0,
RPQQMLKKKIKFFCB27CA,坡道機械,0,
RPWNMLTJKIKFFCB38CA,坡道平面,0,25.76
RPWNMLTJKIKFFCB38CA,坡道平面,0,25.76
RPWNMLTJKIKFFCB38CA,坡道平面,0,25.76
RPSNMLKLKIKFFCB27CA,其他,0,
RPVOMLOJKIKFFAB67CA,坡道平面,0,
RPSOMLOJKIKFFAB37CA,坡道平面,0,16.54
RPSOMLOJKIKFFAB37CA,坡道平面,0,14.34
RPROMLKMJIKFFAB07CA,坡道平面,0,
RPROMLPJKIKFFAB37CA,坡道平面,0,
RPUNMLLKKIKFFAB27CA,坡道平面,0,
RPPOMLLJKIKFFBB86CA,坡道機械,480000,6.98
RPSRMLKMJIKFFBB57CA,升降機械,0,
RPWPMLTJKIKFFAB38CA,坡道平面,0,10.04
RPOQMLTJKIKFFAB67CA,坡道機械,0,14.89
RPRPMLSLKIKFFAB97CA,坡道平面,0,
RPRQMLLJKIKFFBB27CA,坡道機械,0,17.90
RPXPMLSJKIKFFBB48CA,坡道平面,0,25.03
RPWPMLSJKIKFFBB38CA,坡道平面,0,24.92
RPUOMLOJKIKFFCB77CA,坡道機械,0,
RPRNMLLJKIKFFCB07CA,坡道平面,2100000,18.04
RPRNMLLJKIKFFCB07CA,坡道平面,2100000,18.04
RPRNMLLJKIKFFCB07CA,坡道平面,1200000,18.04
RPQRMLNJKIKFFCB57CA,坡道機械,0,10.79
RPQNMLKKKIKFFBB86CA,坡道平面,0,
RPVOMLLJKIKFFCB57CA,坡道平面,0,15.11
RPVOMLLJKIKFFCB57CA,坡道平面,0,15.11
RPRSMLTJKIKFFBB28CA,坡道平面,0,
RPSPMLLJKIKFFCB37CA,坡道平面,0,
RPQNMLNJKIKFFCB17CA,升降機械,0,
RPPRMLPLKIKFFBB77CA,坡道平面,0,37.00
RPRSMLSLKIKFFBB38CA,坡道機械,720000,13.32
RPQSMLSLKIKFFBB28CA,坡道平面,1200000,26.64
RPTSMLSLKIKFFBB58CA,坡道平面,1150000,26.64
RPSSMLSLKIKFFBB48CA,坡道平面,1200000,26.64
RPVSMLSLKIKFFBB78CA,坡道平面,1200000,26.64
RPUSMLSLKIKFFBB68CA,坡道平面,1200000,26.64
RPPSMLSLKIKFFBB18CA,坡道機械,0,13.32
RPPSMLSLKIKFFBB18CA,坡道機械,1500000,13.32
RPQTMLRKKIKFFBB18CA,坡道機械,720000,13.32
RPSPMLTLKIKFFBB28CA,坡道平面,1150000,26.64
RPQUMLTLKIKFFBB58CA,坡道平面,1200000,26.64
RPRUMLTLKIKFFBB68CA,坡道平面,1200000,26.64
RPTPMLTLKIKFFBB38CA,坡道機械,0,13.32
RPTPMLTLKIKFFBB38CA,坡道機械,1500000,13.32
RPSUMLTLKIKFFBB78CA,坡道平面,1150000,26.64
RPVUMLTLKIKFFBB09CA,坡道平面,1150000,26.64
RPTUMLTLKIKFFBB88CA,坡道平面,1150000,26.64
RPUUMLTLKIKFFBB98CA,坡道平面,1150000,26.64
RPWUMLTLKIKFFBB56CA,坡道平面,1200000,26.64
RPXTMLTLKIKFFBB56CA,坡道平面,1100000,26.64
RPOUMLTLKIKFFBB38CA,坡道平面,1150000,26.64
RPRVMLTLKIKFFBB78CA,坡道平面,1200000,26.64
RPPVMLTLKIKFFBB58CA,坡道機械,1150000,13.32
RPPVMLTLKIKFFBB58CA,坡道機械,0,13.32
RPOVMLTLKIKFFBB48CA,坡道機械,1150000,13.32
RPOVMLTLKIKFFBB48CA,坡道機械,0,13.32
RPXVMLTLKIKFFBB76CA,坡道機械,720000,13.32
RPOPMLLJKIKFFBB96DA,坡道平面,1300000,27.79
RPOPMLLJKIKFFBB96DA,坡道平面,1300000,27.79
RPVNMLLLKIKFFIL66CA,坡道平面,0,
RPUNMLLLKIKFFIL56CA,坡道機械,0,
RPPOMLQKKIKFFIL56CA,坡道機械,0,
RPPPMLTKMHNFFIB56EA,升降機械,0,
RPUNMLLKKIKFFFL78CA,坡道機械,0,
RPUNMLLKKIKFFFL78CA,坡道機械,0,
RPOPMLLLKIKFFGL58CA,坡道平面,1000000,33.09
RPXOMLLLKIKFFGL76CA,坡道平面,1000000,33.09
RPQPMLLLKIKFFGL78CA,坡道平面,1200000,33.09
RPRPMLLLKIKFFGL88CA,坡道平面,1050000,33.09
RPTWMLLJKIKFFGL96CA,坡道平面,1250000,15.09
RPTNMLPKKIKFFFL09CA,坡道機械,0,
RPUWMLLJKIKFFGL07CA,坡道平面,1250000,15.09
RPVWMLLJKIKFFGL17CA,坡道平面,1250000,15.09
RPTOMLSJKIKFFHL96CA,坡道機械,0,
RPTOMLSJKIKFFHL96CA,坡道機械,0,
RPUOMLSJKIKFFHL07CA,坡道機械,0,
RPUOMLSJKIKFFHL07CA,坡道機械,0,
SPWPMLSJKIKFFGL37CA,坡道平面,1250000,15.09
RPVOMLSJKIKFFHL17CA,坡道機械,0,
RPVNMLSJKIKFFHL07CA,坡道平面,0,
RPOOMLSJKIKFFHL09CA,坡道機械,0,
RPWOMLSJKIKFFHL27CA,坡道機械,0,
RPPOMLSJKIKFFHL56CA,坡道平面,0,
UPWPMLSJKIKFFGL57CA,坡道平面,1250000,15.09
RPQOMLSJKIKFFHL66CA,坡道平面,0,
RPPPMLPKKIKFFHL09CA,坡道機械,0,
RPXOMLPKKIKFFHL17CA,坡道平面,0,
RPTSMLSKKIKFFHL47CA,一樓平面,0,
RPUNMLQKKIKFFHL86CA,坡道平面,0,
RPQNMLNKKIKFFGL68CA,坡道平面,0,
RPSNMLPKKIKFFGL09CA,坡道機械,0,
RPVNMLRJKIKFFHL96CA,坡道機械,0,
RPPNMLNKKIKFFGL58CA,坡道平面,0,
RPPPMLSKJHLFFHL66CA,坡道機械,0,
RPTNMLKKKIKFFGL68CA,坡道平面,1100000,15.09
RPUNMLKKKIKFFGL78CA,坡道平面,1150000,15.09
RPSPMLLLKIKFFGL98CA,坡道平面,1100000,33.09
RPTPMLLLKIKFFGL09CA,坡道平面,1200000,33.09
RPUPMLLLKIKFFGL56CA,坡道平面,1000000,33.09
RPVPMLLLKIKFFGL66CA,坡道平面,1000000,33.09
RPWPMLLLKIKFFGL76CA,坡道平面,950000,33.09
RPPQMLLLKIKFFGL78CA,坡道平面,1150000,33.09
RPOQMLLLKIKFFGL68CA,坡道平面,1100000,33.09
RPXPMLLLKIKFFGL86CA,坡道平面,950000,33.09
RPPPMLLLKIKFFGL68CA,坡道平面,1100000,33.09
RPTQMLLLKIKFFGL56CA,坡道平面,1150000,33.09
RPQQMLLLKIKFFGL88CA,坡道平面,1000000,33.09
RPRQMLLLKIKFFGL98CA,坡道平面,1000000,33.09
RPSQMLLLKIKFFGL09CA,坡道平面,1150000,33.09
RPUQMLLLKIKFFGL66CA,坡道平面,1000000,33.09
RPRSMLLLKIKFFGL56CA,坡道平面,0,
RPQPMLMLKIKFFGL88CA,坡道平面,950000,33.09
RPRPMLMLKIKFFGL98CA,坡道平面,1150000,33.09
RPUPMLMLKIKFFGL66CA,坡道平面,1200000,33.09
RPORMLMLKIKFFGL88CA,坡道平面,1050000,33.09
RPXQMLMLKIKFFGL07CA,坡道平面,1100000,33.09
RPRTMLMLKIKFFGL76CA,坡道平面,1300000,33.09
RPUTMLMLKIKFFGL07CA,坡道平面,1100000,33.09
RPSQMLMLKIKFFGL56CA,坡道平面,1150000,33.09
RPRQMLMLKIKFFGL09CA,坡道平面,1200000,33.09
RPXPMLMLKIKFFGL96CA,坡道平面,1200000,33.09
RPSTMLMLKIKFFGL86CA,坡道平面,1000000,33.09
RPRSMLMLKIKFFGL66CA,坡道平面,1200000,33.09
RPTSMLMLKIKFFGL86CA,坡道平面,1200000,33.09
RPRRMLMLKIKFFGL56CA,坡道平面,1100000,33.09
RPURMLMLKIKFFGL86CA,坡道平面,1000000,33.09
RPOSMLMLKIKFFGL98CA,坡道平面,1150000,33.09
RPVSMLMLKIKFFGL07CA,坡道平面,1100000,33.09
RPSRMLMLKIKFFGL66CA,坡道平面,1000000,33.09
RPTRMLMLKIKFFGL76CA,坡道平面,1100000,33.09
RPTRMLMLKIKFFGL76CA,坡道平面,1100000,33.09
RPXRMLMLKIKFFGL17CA,坡道平面,1100000,33.09
RPXSMLMLKIKFFGL27CA,坡道平面,1050000,33.09
RPUOMLSLKIKFFFL07CA,坡道平面,0,18.68
RPUOMLOLKIKFFBB97DA,坡道平面,0,
RPRNMLOJKIKFFCB47DA,坡道機械,0,
RPXNMLQKKIKFFBB18CA,坡道平面,0,
RPPPMLPKKIKFFBB47CA,坡道平面,0,
RPQPMLOKKIKFFBB47CA,坡道平面,0,21.58
RPWTMLSKKIKFFBB88CA,坡道平面,0,
RPPWMLMLKIKFFBB97CA,坡道平面,0,
RPRQMLOKKIKFFBB67CA,坡道平面,0,
RPPOMLSLKIKFFBB77CA,坡道平面,0,21.58
RPVOMLNLKIKFFBB87CA,坡道平面,950000,34.73
RPSOMLNLKIKFFBB57CA,坡道平面,950000,34.73
RPPOMLNLKIKFFBB27CA,坡道平面,1150000,34.73
RPQQMLNLKIKFFBB57CA,坡道平面,0,32.77
RPRQMLNLKIKFFBB67CA,坡道平面,600000,34.73
RPVNMLNLKIKFFBB77CA,坡道平面,0,34.73
RPOQMLNLKIKFFBB37CA,坡道平面,950000,34.73
RPXNMLNLKIKFFBB97CA,坡道平面,1100000,32.77
RPXNMLNLKIKFFBB97CA,坡道平面,1100000,32.77
RPSQMLNLKIKFFBB77CA,坡道平面,1200000,34.73
RPPQMLNLKIKFFBB47CA,坡道平面,1150000,34.73
RPVQMLMLKIKFFBB97CA,坡道平面,1000000,34.73
RPPPMLNLKIKFFBB37CA,坡道平面,950000,34.73
RPTQMLNLKIKFFBB87CA,坡道平面,1000000,32.77
RPTQMLNLKIKFFBB87CA,坡道平面,1000000,32.77
RPWPMLNLKIKFFBB08CA,坡道平面,0,34.73
RPUPMLNLKIKFFBB87CA,坡道平面,720000,34.73
RPUPMLNLKIKFFBB87CA,坡道平面,720000,34.73
RPXOMLNLKIKFFBB08CA,坡道平面,0,34.73
RPVPMLNLKIKFFBB97CA,坡道平面,900000,32.77
RPRPMLNLKIKFFBB57CA,坡道平面,900000,32.77
RPRPMLNLKIKFFBB57CA,坡道平面,900000,32.77
RPSPMLNLKIKFFBB67CA,坡道平面,1150000,34.73
RPTPMLNLKIKFFBB77CA,坡道平面,1050000,34.73
RPWQMLMLKIKFFBB08CA,坡道平面,950000,34.73
RPUOMLMLKIKFFBB67CA,坡道平面,1150000,34.73
RPSQMLMLKIKFFBB67CA,坡道平面,660000,34.73
RPOQMLMLKIKFFBB27CA,坡道平面,950000,32.77
RPRQMLMLKIKFFBB57CA,坡道平面,850000,32.77
RPXQMLMLKIKFFBB18CA,坡道平面,1050000,34.73
RPXPMLMLKIKFFBB08CA,坡道平面,850000,32.77
RPVPMLMLKIKFFBB87CA,坡道平面,950000,34.73
RPWPMLMLKIKFFBB97CA,坡道平面,1050000,34.73
RPUPMLMLKIKFFBB77CA,坡道平面,950000,34.73
RPXOMLMLKIKFFBB97CA,坡道平面,1100000,32.77
RPXOMLMLKIKFFBB97CA,坡道平面,1100000,32.77
RPOPMLMLKIKFFBB17CA,坡道平面,1100000,34.73
RPQPMLMLKIKFFBB37CA,坡道平面,950000,32.77
RPPPMLMLKIKFFBB27CA,坡道平面,1050000,34.73
RPSPMLMLKIKFFBB57CA,坡道平面,1050000,34.73
RPOOMLMLKIKFFBB07CA,坡道平面,850000,32.77
RPRNMLMLKIKFFBB27CA,坡道平面,1050000,34.73
RPRNMLMLKIKFFBB27CA,坡道平面,950000,32.77
RPTNMLMLKIKFFBB47CA,坡道平面,850000,32.77
RPWNMLMLKIKFFBB77CA,坡道平面,950000,34.73
RPVNMLMLKIKFFBB67CA,坡道平面,950000,34.73
RPQOMLMLKIKFFBB27CA,坡道平面,600000,34.73
RPROMLMLKIKFFBB37CA,坡道平面,1050000,32.77
RPPPMLNJKIKFFCB27CA,升降機械,0,
RPVOMLRJKIKFFBB08CA,升降平面,0,
RPQNMLMJKIKFFBB96CA,升降機械,0,
RPRPMLMJKIKFFBB27CA,坡道平面,0,
RPXOMLRKKIKFFAB28CA,坡道機械,0,
RPVNMLQJKIKFFBB87CA,坡道平面,0,
RPVNMLQJKIKFFBB87CA,坡道平面,0,
RPVNMLQJKIKFFBB87CA,坡道平面,0,
RPVNMLQJKIKFFBB87CA,坡道平面,0,
RPVNMLQJKIKFFBB87CA,坡道平面,0,
RPVNMLQJKIKFFBB87CA,坡道平面,0,
RPVNMLQJKIKFFBB87CA,坡道平面,0,
RPVNMLQJKIKFFBB87CA,坡道平面,0,
RPVNMLQJKIKFFBB87CA,坡道平面,0,
RPROMLLJKIKFFCB17CA,坡道平面,0,
RPROMLLJKIKFFCB17CA,坡道平面,0,
RPVNMLLKKIKFFBB47CA,坡道機械,0,
RPVPMLLKKIKFFAB57CA,升降機械,0,
RPRNMLQJKIKFFAB37CA,坡道機械,0,
RPSNMLRJKIKFFCB77CA,坡道平面,0,
RPSNMLRJKIKFFCB77CA,坡道平面,0,
RPPRMLTJKIKFFCB08CA,坡道平面,0,
RPPRMLTJKIKFFCB08CA,坡道平面,0,
RPUQMLTJKIKFFCB48CA,坡道平面,0,
RPRRNLMLKIKFFCB87CA,坡道機械,0,
RPVWMLTLKIKFFCB76CA,坡道平面,0,21.37
RPVWMLTLKIKFFCB76CA,坡道平面,0,22.94
RPRNNLTLKIKFFCB18CA,坡道機械,0,10.19
RPRNNLTLKIKFFCB18CA,坡道機械,0,10.19
RPWNMLSJKIKFFAL09CA,坡道平面,0,
RPWNMLSJKIKFFAL09CA,坡道平面,0,
RPQNMLNJKIKFFCL18CA,坡道平面,0,
RPSPMLMLKIKFFCB67CA,坡道平面,0,
RPPSMLQKKIKFFCB97CA,坡道平面,0,25.30
RPPSMLQKKIKFFCB97CA,坡道平面,0,25.30
SPPPMLTLKIKFFCB18CA,坡道機械,0,11.57
RPUOMLTLKIKFFCB48CA,坡道機械,0,11.57
RPTQMLTKKIKFFCB48CA,坡道平面,1400000,33.79
RPPQMLTKKIKFFCB08CA,坡道平面,1200000,33.79
RPSQMLTKKIKFFCB38CA,坡道平面,1400000,33.79
RPWPMLTKKIKFFCB68CA,坡道平面,1200000,33.79
RPVPMLTKKIKFFCB58CA,坡道平面,1200000,33.79
RPQQMLTKKIKFFCB18CA,坡道平面,1200000,33.79
RPOQMLTKKIKFFCB97CA,坡道平面,1400000,33.79
RPTRMLTKKIKFFCB58CA,坡道平面,1400000,33.79
RPURMLTKKIKFFCB68CA,坡道平面,1200000,33.79
RPXQMLTKKIKFFCB88CA,坡道平面,1350000,31.74
RPVRMLTKKIKFFCB78CA,坡道平面,1200000,33.79
RPWRMLTKKIKFFCB88CA,坡道平面,1200000,33.79
RPPSMLTKKIKFFCB28CA,坡道平面,1320000,33.79
RPOSMLTKKIKFFCB18CA,坡道平面,1200000,33.79
RPXRMLTKKIKFFCB98CA,坡道平面,1200000,33.79
RPSSMLTKKIKFFCB58CA,坡道平面,1320000,33.79
RPRSMLTKKIKFFCB48CA,坡道平面,1320000,33.79
RPQSMLTKKIKFFCB38CA,坡道平面,1320000,33.79
RPWSMLTKKIKFFCB98CA,坡道平面,1320000,33.79
RPXSMLTKKIKFFCB09CA,坡道平面,1320000,33.79
RPUTMLTKKIKFFCB88CA,坡道平面,1200000,33.79
RPTTMLTKKIKFFCB78CA,坡道平面,1200000,33.79
RPWTMLTKKIKFFCB09CA,坡道平面,1320000,33.79
RPSTMLTKKIKFFCB68CA,坡道平面,1270000,33.79
RPVTMLTKKIKFFCB98CA,坡道平面,1150000,31.74
RPPUMLTKKIKFFCB48CA,坡道平面,1200000,33.79
RPOQMLOJKIKFFCB37CA,坡道機械,0,
RPROMLLLKIKFFCB37CA,坡道平面,0,23.14
RPROMLLLKIKFFCB37CA,坡道平面,0,23.14
RPTOMLLLKIKFFCB57CA,坡道平面,0,23.14
RPTOMLLLKIKFFCB57CA,坡道平面,0,23.14
RPVNMLRJKIKFFCB08CA,坡道平面,0,31.44
RPVNMLRJKIKFFCB08CA,坡道平面,0,31.44
RPQNMLRJKIKFFCB57CA,坡道平面,1600000,15.83
RPQNMLRJKIKFFCB57CA,坡道平面,1600000,15.83
RPQNMLRJKIKFFCB57CA,坡道平面,1600000,15.83
RPRNMLRJKIKFFCB67CA,一樓平面,0,
RPSPMLOJKIKFFAB47CA,坡道平面,0,23.15
RPPPMLOJKIKFFAB17CA,坡道平面,0,
RPQPMLRJKIKFFCB77CA,坡道平面,0,31.77
RPQPMLRJKIKFFCB77CA,坡道平面,0,31.77
RPSPMLRJKIKFFAB77CA,升降平面,0,.43
RPOOMLSJKIKFFAB37CA,坡道平面,0,
RPVVMLLMKIKFFCB58CA,坡道機械,0,
RPUNMLNKKIKFFCB67CA,坡道平面,0,
RPURMLOKKIKFFCB18CA,坡道平面,0,29.52
RPURMLOKKIKFFCB18CA,坡道平面,0,34.06
RPUOMLOKKIKFFAB67CA,坡道機械,0,
RPRNMLOKKIKFFAB27CA,坡道平面,1100000,39.72
RPQPMLLKKIKFFAB07CA,坡道平面,0,28.46
RPUPMLLLKIKFFAB57CA,坡道平面,1100000,25.00
RPUOMLOJKIKFFBB67CA,坡道平面,0,31.42
RPUOMLOJKIKFFBB67CA,坡道平面,0,31.42
RPSOMLOJKIKFFBB47CA,坡道平面,0,31.42
RPQNMLKLKIKFFAB86CA,坡道機械,0,11.96
RPQNMLKLKIKFFAB86CA,坡道機械,0,11.96
RPSRMLKKKIKFFBB47CA,坡道平面,0,33.58
RPSRMLKKKIKFFBB47CA,坡道平面,0,33.58
RPRRMLKKKIKFFBB37CA,坡道平面,0,33.58
RPOOMLLKKIKFFBB86CA,坡道平面,0,33.58
RPQNMLLKKIKFFBB96CA,坡道平面,0,33.58
RPPOMLLKKIKFFBB96CA,坡道平面,0,33.58
RPXNMLLKKIKFFBB67CA,坡道平面,0,33.58
RPRNMLLKKIKFFBB07CA,坡道平面,0,33.58
RPQRMLTJKIKFFBB08CA,坡道平面,0,33.58
RPVNMLKMKIKFFAB47CA,坡道平面,0,27.14
RPTQMLKKKIKFFBB47CA,坡道平面,0,33.58
RPXQMLKKKIKFFBB87CA,坡道平面,0,33.58
RPUQMLKKKIKFFBB57CA,坡道平面,0,33.58
RPPSMLKKKIKFFBB27CA,坡道平面,0,33.58
RPRSMLKKKIKFFBB47CA,坡道平面,0,33.58
RPQSMLKKKIKFFBB37CA,坡道平面,0,33.58
RPXPMLKKKIKFFBB77CA,坡道平面,0,33.58
RPUPMLKKKIKFFBB47CA,坡道平面,0,33.58
RPXOMLKKKIKFFBB67CA,坡道平面,0,33.58
RPSOMLKKKIKFFBB17CA,坡道平面,0,33.58
RPOPMLKKKIKFFBB86CA,坡道平面,0,33.58
RPSRMLTJKIKFFBB28CA,坡道平面,0,33.58
RPURMLTJKIKFFBB48CA,坡道平面,0,33.58
RPWRMLKKKIKFFBB87CA,坡道平面,0,33.58
RPXRMLTJKIKFFBB78CA,坡道平面,0,33.58
RPVRMLTJKIKFFBB58CA,坡道平面,0,33.58
RPOSMLTJKIKFFBB97CA,坡道平面,0,33.58
RPTOMLLKKIKFFBB37CA,坡道平面,0,33.58
RPXPMLLKKIKFFBB87CA,坡道平面,0,33.57
RPPQMLLKKIKFFBB17CA,坡道平面,0,33.57
RPVRMLLKKIKFFBB87CA,坡道平面,0,35.77
RPXOMLLKKIKFFBB77CA,坡道平面,0,33.58
RPPPMLLKKIKFFBB07CA,坡道平面,0,33.58
RPQQMLLKKIKFFBB27CA,坡道平面,0,33.57
RPOOMLKKKIKFFBB76CA,坡道平面,0,33.58
RPPRMLLKKIKFFBB27CA,坡道平面,0,33.57
RPSQMLLKKIKFFBB47CA,坡道平面,0,33.57
RPORMLLKKIKFFBB17CA,坡道平面,0,33.57
RPXRMLLKKIKFFBB08CA,坡道平面,0,33.57
RPXQMLLKKIKFFBB97CA,坡道平面,0,33.57
RPVQMLLKKIKFFBB77CA,坡道平面,0,33.57
RPOSMLLKKIKFFBB27CA,坡道平面,0,33.57
RPRPMLOJKIKFFCB57CA,坡道平面,0,
RPSSMLLKKIKFFBB67CA,坡道平面,0,33.57
RPQTMLLKKIKFFBB57CA,坡道平面,0,33.57
RPWTMLLKKIKFFBB18CA,坡道平面,0,33.57
RPPUMLLKKIKFFBB57CA,坡道平面,0,33.57
RPUQMLNJKIKFFCB87CA,坡道機械,0,13.25
RPTVMLLKKIKFFBB08CA,坡道平面,0,33.58
RPWSMLLLKIKFFBB18CA,坡道平面,1150000,20.86
RPRUMLLKKIKFFBB77CA,坡道平面,0,33.57
RPSUMLLKKIKFFBB87CA,坡道平面,0,33.57
RPQNMLNKKIKFFBB17CA,坡道平面,0,
RPQNMLNKKIKFFBB17CA,坡道平面,0,
RPWOMLTKKIKFFBB48CA,坡道機械,600000,14.44
RPSOMLTKKIKFFBB08CA,坡道平面,1200000,20.86
RPTOMLTKKIKFFBB18CA,坡道機械,800000,14.44
RPXOMLTKKIKFFBB58CA,坡道平面,0,22.46
RPXOMLTKKIKFFBB58CA,坡道平面,0,22.46
RPVOMLTKKIKFFBB38CA,坡道機械,800000,14.44
RPUOMLTKKIKFFBB28CA,坡道機械,0,14.44
RPUOMLTKKIKFFBB28CA,坡道機械,0,14.44
RPQPMLTKKIKFFBB97CA,坡道平面,1250000,20.86
RPPPMLTKKIKFFBB87CA,坡道機械,0,14.44
RPPPMLTKKIKFFBB87CA,坡道機械,0,14.44
RPRPMLTKKIKFFBB08CA,坡道平面,1250000,22.46
RPOPMLTKKIKFFBB77CA,坡道機械,600000,14.44
RPSPMLTKKIKFFBB18CA,坡道機械,800000,14.44
RPQQMLTKKIKFFBB08CA,坡道機械,800000,14.44
RPWPMLTKKIKFFBB58CA,坡道平面,1250000,22.46
RPUPMLTKKIKFFBB38CA,坡道平面,1200000,20.83
RPOQMLTKKIKFFBB87CA,坡道機械,0,14.44
RPOQMLTKKIKFFBB87CA,坡道機械,0,14.44
RPRQMLTKKIKFFBB18CA,坡道平面,1200000,20.86
RPVPMLTKKIKFFBB48CA,坡道平面,1250000,22.46
RPPQMLTKKIKFFBB97CA,坡道平面,1250000,22.46
RPXPMLTKKIKFFBB68CA,坡道機械,800000,14.44
RPSQMLTKKIKFFBB28CA,坡道平面,1250000,22.46
RPTQMLTKKIKFFBB38CA,坡道平面,1150000,20.86
RPVQMLTKKIKFFBB58CA,坡道機械,0,14.44
RPVQMLTKKIKFFBB58CA,坡道機械,0,14.44
RPUQMLTKKIKFFBB48CA,坡道機械,0,14.44
RPUQMLTKKIKFFBB48CA,坡道機械,0,14.44
RPORMLTKKIKFFBB97CA,坡道機械,600000,14.44
RPXQMLTKKIKFFBB78CA,坡道平面,1250000,22.46
RPWQMLTKKIKFFBB68CA,坡道平面,1250000,22.46
RPQRMLTKKIKFFBB18CA,坡道機械,550000,14.44
RPRRMLTKKIKFFBB28CA,坡道機械,600000,14.44
RPPRMLTKKIKFFBB08CA,坡道機械,800000,14.44
RPSRMLTKKIKFFBB38CA,坡道平面,1250000,22.46
RPTRMLTKKIKFFBB48CA,坡道平面,1250000,22.46
RPVRMLTKKIKFFBB68CA,坡道機械,600000,14.44
RPURMLTKKIKFFBB58CA,坡道平面,1250000,22.46
RPWRMLTKKIKFFBB78CA,坡道機械,600000,14.44
RPXRMLTKKIKFFBB88CA,坡道平面,1250000,20.86
RPPSMLTKKIKFFBB18CA,坡道機械,650000,14.44
RPQSMLTKKIKFFBB28CA,坡道平面,1150000,20.86
RPOSMLTKKIKFFBB08CA,坡道機械,800000,14.44
RPRSMLTKKIKFFBB38CA,坡道平面,1250000,22.46
RPSSMLTKKIKFFBB48CA,坡道機械,600000,14.44
RPUOMLOKKIKFFBB77CA,坡道平面,0,33.58
RPSOMLOKKIKFFBB57CA,坡道平面,0,33.58
RPVOMLOKKIKFFBB87CA,坡道平面,0,33.58
RPOPMLPKKIKFFBB37CA,坡道平面,0,33.57
RPUPMLLKKIKFFAB57DA,坡道平面,0,
RPQOMLOKKIKFFBB37CA,坡道平面,0,33.58
RPPOMLOKKIKFFBB27CA,坡道平面,0,33.58
RPOOMLKKKIKFFGL28CA,坡道平面,1150000,15.09
RPVNMLKKKIKFFGL88CA,坡道平面,1150000,15.09
RPXNMLKKKIKFFGL09CA,坡道平面,1100000,15.09
RPWNMLKKKIKFFGL98CA,坡道平面,1150000,15.09
RPPOMLKKKIKFFGL38CA,坡道平面,1150000,15.09
RPQOMLKKKIKFFGL48CA,坡道平面,1150000,15.09
RPROMLKKKIKFFGL58CA,坡道平面,1250000,15.09
RPSOMLKKKIKFFGL68CA,坡道平面,1150000,15.09
RPXOMLKKKIKFFGL56CA,坡道平面,1150000,12.97
RPUOMLKKKIKFFGL88CA,坡道平面,1100000,15.09
RPWOMLKKKIKFFGL09CA,坡道平面,1150000,12.97
RPOPMLKKKIKFFGL38CA,坡道平面,1150000,15.09
RPVOMLKKKIKFFGL98CA,坡道平面,1150000,15.09
RPTOMLKKKIKFFGL78CA,坡道平面,1100000,12.97
RPPPMLKKKIKFFGL48CA,坡道平面,1100000,15.09
RPQPMLKKKIKFFGL58CA,坡道平面,1250000,15.09
RPPNMLTJKIKFFHL56CA,坡道平面,0,35.78
RPXOMLKKKIKFFHL66CA,坡道平面,910000,26.46
RPXOMLKKKIKFFHL66CA,坡道平面,820000,24.80
RPSNMLOKKIKFFGL98CA,坡道平面,0,
RPQPMLKKKIKFFHL68CA,坡道平面,900000,26.46
RPPPMLKKKIKFFHL58CA,坡道平面,900000,26.46
RPQOMLTJKIKFFGL66CA,坡道平面,0,
RPOPMLKKKIKFFHL48CA,坡道平面,900000,26.46
RPRPMLKKKIKFFHL78CA,坡道平面,900000,24.80
RPTOMLKKKIKFFHL88CA,坡道平面,900000,26.46
RPSOMLKKKIKFFHL78CA,坡道平面,900000,26.46
RPSPMLKKKIKFFHL88CA,坡道平面,900000,26.46
RPUOMLKKKIKFFHL98CA,坡道平面,1000000,26.46
RPUOMLKKKIKFFHL98CA,坡道平面,1000000,26.46
RPOPMLPKKIKFFHL98CA,坡道平面,0,
RPVOMLKKKIKFFHL09CA,坡道平面,900000,26.46
RPQNMLNLKIKFFHL88CA,坡道平面,0,
RPUPMLKKKIKFFHL09CA,坡道平面,900000,26.46
RPVPMLKKKIKFFHL56CA,坡道平面,900000,26.46
RPWPMLKKKIKFFHL66CA,坡道平面,900000,26.46
RPXPMLKKKIKFFHL76CA,坡道平面,900000,26.46
RPOQMLKKKIKFFHL58CA,坡道平面,900000,24.80
RPPQMLKKKIKFFHL68CA,坡道平面,900000,26.46
RPQQMLKKKIKFFHL78CA,坡道平面,900000,26.46
RPRQMLKKKIKFFHL88CA,坡道平面,900000,26.46
RPUQMLKKKIKFFHL56CA,坡道平面,900000,26.46
RPSQMLKKKIKFFHL98CA,坡道平面,900000,24.80
RPVQMLKKKIKFFHL66CA,坡道平面,900000,26.46
RPXQMLKKKIKFFHL86CA,坡道平面,900000,26.40
RPWQMLKKKIKFFHL76CA,坡道平面,800000,24.80
RPTQMLKKKIKFFHL09CA,坡道平面,900000,26.46
RPVNMLQKKIKFFHL96CA,坡道平面,0,
RPWNMLOJKIKFFHL76CA,坡道平面,950000,23.17
RPXNMLOJKIKFFHL86CA,坡道平面,0,23.17
RPPOMLOJKIKFFHL78CA,坡道平面,950000,19.97
RPPNMLMLKIKFFHL68CA,坡道平面,0,.22
RPOOMLOJKIKFFHL68CA,坡道平面,900000,23.17
RPQOMLSLKIKFFHL86CA,坡道平面,0,39.19
RPQOMLSLKIKFFHL86CA,坡道平面,0,39.19
RPROMLOJKIKFFHL98CA,坡道平面,0,19.97
RPQOMLOJKIKFFHL88CA,坡道平面,0,23.17
RPTOMLOJKIKFFHL56CA,坡道平面,0,23.17
RPUOMLOJKIKFFHL66CA,坡道平面,0,19.97
RPSOMLOJKIKFFHL09CA,坡道平面,0,19.97
RPVOMLOJKIKFFHL76CA,坡道平面,0,23.17
RPWOMLOJKIKFFHL86CA,坡道平面,900000,23.17
RPWPMLKKKIKFFGL56CA,坡道平面,0,18.85
RPXOMLOJKIKFFHL96CA,坡道平面,850000,19.97
RPSNMLSJKIKFFGL66CA,升降機械,0,
RPVQMLLLKIKFFGL76CA,坡道平面,0,
RPRPMLKKKIKFFGL68CA,坡道平面,0,26.48
RPVNMLRLKIKFFGL07CA,坡道機械,0,
RPPNMLMLKIKFFGL58CA,坡道平面,0,
RPUNMLOKKIKFFFL09CA,坡道機械,0,
RPQNMLPKKIKFFFL78CA,坡道機械,0,
RPSPMLLLKIKFFAB47DA,坡道平面,0,
RPRNMLOKKIKFFIL09CA,坡道平面,0,
RPPNMLOJKIKFFBB17DA,坡道平面,0,
RPSNMLSJKIKFFCB97DA,坡道平面,0,
RPRNMLSKKIKFFFL66DA,坡道機械,0,
RPPNMLSJKIKFFGL09DA,一樓平面,0,
RPORMLRKKIKFFBB77CA,坡道機械,0,
RPXNMLLLKIKFFBB77CA,坡道平面,1300000,30.25
RPQNMLOJJHLFFCB27DA,坡道平面,0,
RPPNMLOJJHLFFCB17DA,坡道平面,0,
RPORMLNJKIKFFCB37CA,坡道平面,0,
RPWPMLLKKIKFFBB77CA,坡道機械,0,
RPPOMLKKKIKFFBB86CA,其他,0,
RPUQMLTJKIKFFBB38CA,坡道機械,0,16.55
RPUQMLLKKIKFFBB67CA,坡道機械,0,15.85
RPTOMLKKKIKFFBB27CA,坡道機械,0,
RPUSMLKKKIKFFBB77CA,坡道平面,0,21.53
RPVSMLKKKIKFFBB87CA,坡道平面,0,21.53
RPWSMLKKKIKFFBB97CA,坡道平面,0,21.53
RPOOMLTJKIKFFBB57CA,坡道平面,0,
RPQOMLTJKIKFFBB77CA,坡道機械,0,
RPXNMLSJKIKFFBB28CA,坡道機械,0,
RPSOMLSJKIKFFBB87CA,坡道平面,1200000,30.25
RPTOMLSJKIKFFBB97CA,坡道平面,1300000,30.25
RPTNMLSJKIKFFBB87CA,坡道機械,0,
RPXWMLKMKIKFFBB68CA,坡道平面,0,
RPUOMLSJKIKFFBB08CA,坡道平面,1300000,30.25
RPOPMLSJKIKFFBB57CA,坡道平面,1300000,30.25
RPVOMLSJKIKFFBB18CA,坡道平面,1300000,30.25
RPWOMLSJKIKFFBB28CA,坡道平面,1300000,30.25
RPXOMLSJKIKFFBB38CA,坡道平面,0,30.25
RPXOMLSJKIKFFBB38CA,坡道平面,0,30.25
RPROMLOJKIKFFBB37CA,坡道平面,0,22.61
RPVPMLOJKIKFFBB87CA,升降機械,0,
RPSOMLLMKIKFFAB37CA,坡道平面,0,9.94
RPSOMLLMKIKFFAB37CA,坡道平面,0,22.52
RPRNMLRJKIKFFBB57CA,坡道平面,0,
RPRPMLLMKIKFFAB37CA,坡道平面,0,13.64
RPRPMLLMKIKFFAB37CA,坡道平面,0,13.64
RPVRMLNLKIKFFAB08CA,坡道平面,0,26.84
RPURMLNLKIKFFAB97CA,坡道平面,0,26.84
RPTRMLNLKIKFFAB87CA,坡道平面,0,26.84
RPRPMLTLKIKFFAB08CA,坡道平面,0,26.84
RPVOMLLKKIKFFAB47CA,坡道平面,0,
RPVOMLLKKIKFFAB47CA,坡道平面,0,
RPVOMLLKKIKFFAB47CA,坡道平面,0,
RPPNMLKKKIKFFAB66CA,坡道平面,0,
RPPOMLKKKIKFFAB76CA,坡道平面,0,
RPXPMLOLKIKFFAB18CA,坡道平面,0,23.16
RPXPMLOLKIKFFAB18CA,坡道平面,0,23.16
RPPPMLLKKIKFFCB17CA,坡道平面,0,29.94
RPPPMLLKKIKFFCB17CA,坡道平面,0,29.94
RPRNMLRJKIKFFAB47CA,坡道機械,0,
RPOSMLOKKIKFFCB67CA,坡道平面,0,
RPUPMLOJKIKFFAB67CA,坡道機械,0,
RPOQMLQKKIKFFCB67CA,坡道平面,1450000,28.14
RPOQMLQKKIKFFCB67CA,坡道平面,1250000,28.14
RPOQMLQKKIKFFCB67CA,坡道平面,1400000,31.44
RPXOMLRJKIKFFCB38CA,坡道機械,0,7.76
RPPQMLOKKIKFFCB57CA,坡道平面,0,
RPUQMLOJKIKFFCB97CA,坡道平面,0,15.11
RPUQMLOJKIKFFCB97CA,坡道機械,0,6.94
RPUQMLOJKIKFFCB97CA,坡道機械,0,6.94
RPTQMLOJKIKFFCB87CA,坡道平面,1500000,15.11
RPQOMLRJKIKFFCB67CA,坡道機械,0,
RPWPMLOJKIKFFCB08CA,坡道平面,0,
RPWPMLOJKIKFFCB08CA,坡道平面,0,
RPSSMLRKKIKFFCB38CA,坡道平面,0,
RPVPMLKMKIKFFCB87CA,坡道平面,0,32.43
RPXTMLRKKIKFFCB98CA,坡道平面,0,
RPXTMLRKKIKFFCB98CA,坡道平面,0,
RPTOMLLMKIKFFCB67CA,坡道平面,1300000,29.92
RPTOMLLMKIKFFCB67CA,坡道平面,1300000,29.92
RPQTMLKMKIKFFCB77CA,坡道平面,1300000,29.92
RPQTMLKMKIKFFCB77CA,坡道平面,1300000,29.92
RPUSMLKMKIKFFCB08CA,坡道平面,0,29.03
RPUSMLKMKIKFFCB08CA,坡道平面,0,29.03
RPSOMLLMKIKFFCB57CA,坡道平面,0,
RPUPMLSLKIKFFCB48CA,坡道平面,0,39.74
RPRNMLPJKIKFFAL28CA,坡道平面,600000,13.68
RPPRNLOLKIKFFCB87CA,坡道平面,0,14.52
RPWVMLOLKIKFFCB88CA,坡道平面,750000,33.13
RPOWMLOLKIKFFCB18CA,坡道平面,1000000,33.13
RPOWMLOLKIKFFCB18CA,坡道平面,1000000,33.13
RPUVMLOLKIKFFCB68CA,坡道平面,1150000,33.13
RPUVMLOLKIKFFCB68CA,坡道平面,1150000,33.13
RPQWMLOLKIKFFCB38CA,坡道平面,1300000,33.13
RPQWMLOLKIKFFCB38CA,坡道平面,1300000,33.13
RPVVMLOLKIKFFCB78CA,坡道平面,0,33.13
RPXVMLOLKIKFFCB98CA,坡道平面,950000,33.13
RPXVMLOLKIKFFCB98CA,坡道平面,950000,33.13
RPPSMLLMKIKFFCB67CA,坡道平面,0,20.01
RPPSMLLMKIKFFCB67CA,坡道平面,0,20.01
RPUNMLOJKIKFFAL48CA,坡道平面,900000,17.76
RPTNMLKKKIKFFAL08CA,坡道平面,0,
RPPNMLSJKIKFFFL88CA,坡道平面,0,
RPURMLMLKIKFFCB08CA,坡道平面,0,33.91
RPPNMLSJKIKFFAL38CA,坡道機械,350000,
RPWNMLKMKIKFFCB77CA,升降機械,0,
RPTNMLRJKIKFFCB87CA,坡道平面,0,
RPWNMLRJKIKFFCB18CA,坡道機械,0,
RPWONLOLKIKFFCB28CA,坡道平面,0,23.35
RPWONLOLKIKFFCB28CA,坡道平面,0,23.35
RPPNMLRJKIKFFCB47CA,坡道機械,1030000,22.05
RPVOMLRJKIKFFCB18CA,坡道機械,0,
RPVOMLRJKIKFFCB18CA,坡道機械,0,
RPQPMLLKKIKFFCB27CA,坡道平面,0,21.97
RPWQMLSJKIKFFCB58CA,坡道平面,0,20.02
RPWQMLSJKIKFFCB58CA,坡道平面,0,20.02
RPWQMLSJKIKFFCB58CA,坡道平面,0,17.35
RPSRMLOKKIKFFCB97CA,坡道平面,1500000,24.71
RPSRMLOKKIKFFCB97CA,坡道機械,1200000,13.38
RPPPMLSJKIKFFCB77CA,坡道平面,0,
RPPPMLLKKIKFFAB96CA,坡道機械,0,9.42
RPUNMLOKKIKFFAB57CA,坡道平面,1200000,39.72
RPTOMLOKKIKFFAB57CA,坡道平面,0,
RPTOMLOKKIKFFAB57CA,坡道平面,0,
RPXNMLRLKIKFFCB48CA,坡道平面,0,34.11
RPXNMLQKKIKFFAB08CA,坡道平面,0,
RPTPMLLLKIKFFAB47CA,坡道機械,0,
RPSPMLSJKIKFFBB97CA,坡道平面,0,
RPPQMLNLKIKFFAB37CA,坡道平面,0,26.84
RPPQMLNLKIKFFAB37CA,坡道平面,0,26.84
RPOQMLNLKIKFFAB27CA,坡道平面,0,26.84
RPOQMLNLKIKFFAB27CA,坡道平面,0,26.84
RPRRMLNLKIKFFAB67CA,坡道平面,0,26.84
RPTPMLNLKIKFFAB67CA,坡道平面,0,26.84
RPRPMLKKKIKFFBB17CA,坡道平面,0,
RPWNMLLKKIKFFBB57CA,坡道機械,0,
RPXPMLLLKIKFFBB97CA,坡道平面,0,22.50
RPSNMLLLKIKFFBB27CA,坡道平面,0,
RPTOMLPKKIKFFBB77CA,坡道平面,0,
RPTQMLQKKIKFFBB08CA,坡道平面,0,
RPOPMLOJKIKFFHL78CA,坡道平面,0,23.17
RPPPMLOJKIKFFHL88CA,坡道平面,0,23.17
RPQPMLOJKIKFFHL98CA,坡道平面,900000,23.17
RPRPMLOJKIKFFHL09CA,坡道平面,950000,23.17
RPSPMLOJKIKFFHL56CA,坡道平面,0,19.97
RPTPMLOJKIKFFHL66CA,坡道平面,0,23.17
RPUPMLOJKIKFFHL76CA,坡道平面,0,19.97
RPVPMLOJKIKFFHL86CA,坡道平面,950000,23.17
RPWPMLOJKIKFFHL96CA,坡道平面,950000,23.17
RPXPMLOJKIKFFHL07CA,坡道平面,950000,23.17
RPOQMLOJKIKFFHL88CA,坡道平面,870000,23.17
RPPQMLOJKIKFFHL98CA,坡道平面,0,23.17
RPQQMLOJKIKFFHL09CA,坡道平面,850000,23.17
RPRQMLOJKIKFFHL56CA,坡道平面,0,23.17
RPVQMLOJKIKFFHL96CA,坡道平面,0,23.17
RPSQMLOJKIKFFHL66CA,坡道平面,0,23.17
RPUQMLOJKIKFFHL86CA,坡道平面,0,23.17
RPTQMLOJKIKFFHL76CA,坡道平面,900000,23.17
RPWQMLOJKIKFFHL07CA,坡道平面,0,19.97
RPQNMLTJKIKFFHL66CA,坡道平面,0,35.78
RPRNMLSJKIKFFHL66CA,升降機械,0,1.15
RPVOMLTLKIKFFHL47CA,坡道機械,0,
RPVNMLNLKIKFFHL76CA,一樓平面,0,
RPWOMLTLKIKFFHL57CA,坡道機械,0,
RPPPMLTLKIKFFHL96CA,坡道平面,0,
RPQPMLTLKIKFFHL07CA,坡道機械,0,
RPXOMLTLKIKFFHL67CA,坡道機械,0,
RPOPMLTLKIKFFHL86CA,坡道平面,0,
RPPOMLPKKIKFFHL98CA,坡道平面,0,
RPPQMLKKKIKFFFL48CA,坡道機械,0,
TPPOMLOJJHLFFCB37CA,坡道平面,650000,15.74
SPPOMLOJJHLFFCB27CA,坡道平面,880000,15.29
RPTNMLNKKIKFFCB57CA,坡道平面,0,
RPTNMLNKKIKFFCB57CA,坡道平面,0,
RPTOMLPJJHLFFCB67CA,升降機械,0,
RPQOMLSJKIKFFCB77CA,坡道機械,0,11.57
RPQOMLSJKIKFFCB77CA,坡道平面,0,24.80
RPORMLSJKIKFFCB87CA,坡道平面,0,19.82
RPVRMLSJKIKFFCB58CA,坡道機械,0,
RPUQMLOKKIKFFCB08CA,坡道機械,0,
RPQRMLRKKIKFFCB08CA,坡道平面,1350000,17.96
RPQRMLRKKIKFFCB08CA,坡道平面,1300000,17.96
RPQRMLRKKIKFFCB08CA,坡道平面,1400000,17.96
RPSUMLTKKIKFFCB78CA,坡道平面,1330000,33.79
RPRUMLTKKIKFFCB68CA,坡道平面,1320000,33.79
RPTUMLTKKIKFFCB88CA,坡道機械,1250000,31.74
RPUUMLTKKIKFFCB98CA,坡道平面,1200000,33.79
RPVUMLTKKIKFFCB09CA,坡道平面,1400000,33.79
RPVOMLTKKIKFFCB48CA,坡道平面,1100000,33.83
RPVOMLTKKIKFFCB48CA,坡道機械,600000,19.33
RPUOMLTKKIKFFCB38CA,坡道平面,1000000,33.83
RPUOMLTKKIKFFCB38CA,坡道機械,500000,19.33
RPTOMLTKKIKFFCB28CA,坡道平面,1100000,33.83
RPTOMLTKKIKFFCB28CA,坡道平面,1100000,33.83
RPWOMLTKKIKFFCB58CA,坡道平面,1000000,33.83
RPXPMLPKKIKFFBB28CA,坡道平面,0,
RPXPMLPKKIKFFBB28CA,坡道平面,0,
RPURMLLMKIKFFCB08CA,坡道平面,0,38.40
RPURMLLMKIKFFCB08CA,坡道平面,0,38.40
RPQTMLOLKIKFFCB08CA,坡道平面,0,
RPTSMLRKKIKFFBB38CA,坡道平面,0,
RPQNMLQLKIKFFBB57CA,坡道平面,1200000,32.06
RPWOMLKKKIKFFBB57CA,坡道平面,0,27.05
RPQOMLKKKIKFFBB96CA,坡道平面,0,14.98
RPPRMLLMKIKFFBB47CA,坡道機械,0,
RPXRMLLMKIKFFBB28CA,坡道平面,0,
RPVNMLTJKIKFFBB18CA,坡道機械,0,15.38
RPVNMLTJKIKFFBB18CA,坡道機械,0,15.38
RPQNMLTJKIKFFBB67CA,坡道平面,0,31.88
RPQPMLSJKIKFFBB77CA,坡道機械,0,
RPQNMLPJJHLFFBB17CA,坡道平面,0,
RPQPMLNLKHLFFBB47CA,坡道平面,0,
RPVOMLOKKIKFFAB77CA,坡道平面,0,23.18
RPSNMLRKKIKFFAB67CA,坡道機械,0,
RPTNMLKKKIKFFAB07CA,坡道平面,0,
RPTNMLNKKIKFFAB37CA,坡道平面,0,
RPROMLKKKIKFFAB96CA,一樓平面,0,
RPROMLKKKIKFFAB96CA,一樓平面,0,
RPVOMLTJKIKFFAB18CA,坡道機械,0,14.38
RPQOMLLMKIKFFHL88CA,坡道平面,0,
RPRSMLQJJHLFFAB77CA,坡道平面,0,30.85
RPSNMLTJKIKFFCB08DA,坡道平面,0,
RPSNMLTJKIKFFCB08DA,坡道平面,0,
RPTNMLTJKIKFFCB18DA,坡道平面,0,
RPTNMLTJKIKFFCB18DA,坡道平面,0,
RPQPMLSKKIKFFGL86DA,坡道平面,0,
RPWPMLSKKIKFFAB48DA,坡道平面,0,39.72
RPPQMLMLKIKFFGL88CA,坡道平面,1150000,31.91
RPQQMLMLKIKFFGL98CA,坡道平面,1300000,28.21
RPSNMLPKKIKFFFL98CA,坡道機械,0,
RPVPMLMLKIKFFGL76CA,坡道平面,1300000,28.21
RPTQMLMLKIKFFGL66CA,坡道平面,1150000,31.91
RPSPMLMLKIKFFGL09CA,坡道平面,1200000,31.91
RPVQMLMLKIKFFGL86CA,坡道平面,1500000,31.91
RPOOMLRKKIKFFGL98CA,坡道平面,1150000,15.09
RPPOMLRKKIKFFGL09CA,坡道平面,1100000,15.09
RPQOMLRKKIKFFGL56CA,坡道平面,1250000,15.09
RPROMLRKKIKFFGL66CA,坡道平面,1150000,15.09
RPQNMLPKKIKFFGL88CA,坡道機械,0,9.59
RPSOMLRKKIKFFGL76CA,坡道平面,1250000,15.09
RPPNMLQKKIKFFGL88CA,升降機械,0,4.15
RPUNMLTLKIKFFHL27CA,坡道平面,0,35.78
RPSOMLSJKIKFFAB77CA,坡道平面,0,12.52
RPQNMLTKKIKFFGL66CA,坡道平面,0,
RPSPMLLKKIKFFAB27CA,坡道平面,0,29.80
RPWNMLOLKIKFFAB87CA,坡道平面,1150000,33.94
RPRNMLQKKIKFFAB47CA,坡道平面,0,23.83
RPRNMLQKKIKFFAB47CA,坡道平面,0,23.83
RPORMLKKKIKFFBB07CA,坡道平面,0,
RPUNMLKKKIKFFBB27CA,坡道平面,0,29.76
RPPQMLKKKIKFFBB07CA,坡道平面,0,
RPSNMLPJJHLFFAB27CA,坡道平面,750000,34.36
RPOUMLLKKIKFFBB47CA,坡道機械,0,13.40
RPPQMLSKKIKFFBB87CA,坡道平面,0,27.78
RPSQMLQKKIKFFBB97CA,坡道機械,0,17.36
RPQQMLRKKIKFFBB87CA,坡道平面,0,
RPVWNLMLKIKFFCB78CA,坡道平面,0,
RPQWNLMLKIKFFCB28CA,坡道平面,0,
RPVPMLSLKIKFFCB58CA,坡道平面,0,
RPUTMLOLKIKFFCB48CA,坡道平面,0,23.14
RPUTMLOLKIKFFCB48CA,坡道平面,0,23.14
RPUTMLOLKIKFFCB48CA,坡道平面,0,23.14
RPUTMLOLKIKFFCB48CA,坡道平面,0,23.14
RPVNMLRLKIKFFCB28CA,坡道平面,0,
RPXQMLSLKIKFFCB88CA,坡道平面,0,20.94
RPUNMLRLKIKFFCB18CA,坡道機械,0,14.10
RPUTMLQKKIKFFCB58CA,坡道機械,0,
RPPRMLSJKIKFFCB97CA,坡道平面,0,22.90
RPPRMLSJKIKFFCB97CA,坡道平面,0,22.90
RPSOMLSKKIKFFCB08CA,坡道平面,0,16.78
RPSOMLSKKIKFFCB08CA,坡道平面,0,16.78
RPSOMLSKKIKFFCB08CA,坡道平面,0,16.78
RPSOMLSKKIKFFCB08CA,坡道平面,0,16.78
RPRVMLTKKIKFFCB78CA,坡道平面,0,
RPPSMLLLKIKFFCB57CA,坡道機械,0,9.98
RPPNMLTJKIKFFCB67CA,坡道平面,0,
RPOOMLKKKIKFFCB86CA,坡道平面,0,16.55
RPOOMLKKKIKFFCB86CA,坡道平面,0,16.55
RPOOMLKKKIKFFCB86CA,坡道平面,0,16.55
RPOOMLKKKIKFFCB86CA,坡道平面,0,16.55
RPOOMLKKKIKFFCB86CA,坡道平面,0,16.55
RPXOMLTJKIKFFCB58CA,坡道平面,0,25.76
RPSPMLPKKIKFFCB87CA,坡道平面,0,19.83
RPSPMLPKKIKFFCB87CA,坡道平面,0,19.83
RPSPMLPKKIKFFCB87CA,坡道平面,0,19.83
RPPTMLQKKIKFFCB08CA,坡道平面,0,14.97
RPPTMLQKKIKFFCB08CA,坡道平面,0,14.97
RPXPMLOKKIKFFCB28CA,坡道機械,0,
RPXOMLOJJHLFFCB97CA,坡道平面,0,22.94
RPXOMLOJJHLFFCB97CA,坡道平面,0,22.94
RPWPMLOJJHLFFCB97CA,升降機械,0,9.29
RPQSMLLKKIKFFCB57CA,坡道平面,0,
RPSONLPJJHLFFCB67CA,坡道機械,0,
RPTUMLLMKIKFFCB28CA,坡道平面,0,22.94
RPTUMLLMKIKFFCB28CA,坡道平面,0,22.94
RPQUMLLMKIKFFCB97CA,坡道平面,0,21.37
RPQUMLLMKIKFFCB97CA,坡道平面,0,21.37
RPOWMLLMKIKFFCB97CA,坡道平面,1300000,31.20
RPRWMLLMKIKFFCB28CA,坡道平面,1300000,31.20
RPQWMLLMKIKFFCB18CA,坡道平面,1300000,31.20
RPPWMLLMKIKFFCB08CA,坡道平面,1300000,31.20
RPRNMLKKKIKFFAL87CA,坡道機械,0,
RPOOMLTJKIKFFAL48CA,坡道機械,0,
RPPRMLRLJHLFFCB97CA,坡道機械,0,11.19
RPPRMLRLJHLFFCB97CA,坡道機械,0,11.19
RPVNMLKKKIKFFAL28CA,坡道機械,0,
RPTVMLLMKIKFFCB38CA,坡道平面,0,
RPQRMLLKKIKFFCB47CA,坡道機械,0,6.86
RPWNMLNKKIKFFCB87CA,坡道平面,0,
RPVOMLOKKIKFFCB97CA,坡道平面,0,
RPQNMLPKKIKFFCB47CA,坡道平面,0,42.00
RPQNMLPKKIKFFCB47CA,坡道平面,0,42.00
RPUNMLLLKIKFFCB57CA,坡道平面,0,33.97
RPSTMLQKKIKFFCB38CA,坡道平面,1300000,39.74
RPXPMLSJJHLFFCB48CA,坡道平面,0,26.42
RPPQMLSJJHLFFCB77CA,坡道平面,0,
RPQPMLNLKIKFFBB47CA,坡道平面,0,
RPWQMLTLKIKFFBB78CA,坡道平面,1050000,34.73
RPRRMLTLKIKFFBB38CA,坡道平面,950000,32.77
RPORMLTLKIKFFBB08CA,坡道平面,1200000,34.73
RPWRMLTLKIKFFBB88CA,坡道平面,940000,34.73
RPQRMLTLKIKFFBB28CA,坡道平面,950000,34.73
RPTRMLTLKIKFFBB58CA,坡道平面,1050000,34.73
RPXRMLTLKIKFFBB98CA,坡道平面,1000000,32.77
RPQSMLTLKIKFFBB38CA,坡道平面,950000,34.73
RPSSMLTLKIKFFBB58CA,坡道平面,0,34.73
RPSRMLLMKIKFFBB77CA,升降機械,0,7.19
RPSNMLPLKIKFFBB67CA,坡道平面,0,
RPTTMLTLKIKFFBB78CA,坡道平面,1200000,34.73
RPTTMLTLKIKFFBB78CA,坡道平面,1100000,34.73
RPUSMLTLKIKFFBB78CA,坡道平面,950000,34.73
RPQTMLTLKIKFFBB48CA,坡道平面,1200000,34.73
RPOTMLTLKIKFFBB28CA,坡道平面,950000,34.73
RPWSMLTLKIKFFBB98CA,坡道平面,1150000,34.73
RPSPMLPJJHLFFBB57CA,坡道平面,1050000,34.73
RPOTMLLKKIKFFBB37CA,坡道機械,0,16.53
RPXTMLLKKIKFFBB28CA,坡道機械,0,
RPWQMLKKKIKFFBB77CA,坡道平面,0,
RPPSMLTJKIKFFBB08CA,其他,0,
RPPVMLLKKIKFFBB67CA,坡道機械,0,14.96
RPXRMLKKKIKFFBB97CA,坡道平面,0,33.58
RPSOMLQKKIKFFAB67CA,坡道平面,0,21.17
RPPOMLNLKIKFFAB17CA,坡道平面,0,
RPWOMLOKKIKFFAB87CA,坡道平面,0,30.09
RPQNMLLKKIKFFAB86CA,坡道平面,0,
RPPNMLPKKIKFFAB17CA,坡道平面,0,
RPPNMLPKKIKFFAB17CA,坡道平面,0,
RPPNMLNJJHLFFAB76CA,坡道平面,0,22.55
RPWNMLTJKIKFFAB18CA,坡道平面,0,30.00
RPWNMLTJKIKFFAB18CA,坡道平面,0,30.00
RPWNMLTJKIKFFAB18CA,坡道平面,0,30.00
RPWNMLTJKIKFFAB18CA,一樓平面,0,20.31
RPWNMLTJKIKFFAB18CA,一樓平面,0,20.31
RPWNMLTJKIKFFAB18CA,一樓平面,0,20.31
RPWNMLTJKIKFFAB18CA,一樓平面,0,20.31
RPWNMLTJKIKFFAB18CA,一樓平面,0,20.31
RPSNMLKLKIKFFAB07CA,坡道平面,0,18.57
RPWOMLOKKIKFFHL96CA,坡道平面,0,
RPVNMLLLKIKFFAB47CA,坡道機械,0,5.99
RPVPMLRKKIKFFGL17CA,坡道平面,1250000,15.09
RPUPMLRKKIKFFGL07CA,坡道平面,1150000,15.09
RPWPMLRKKIKFFGL27CA,坡道平面,1100000,15.09
RPOQMLRKKIKFFGL56CA,坡道平面,1250000,15.09
RPXPMLRKKIKFFGL37CA,坡道平面,1150000,15.09
RPUOMLRKKIKFFGL96CA,坡道平面,1100000,12.97
RPXPMLOJJHLFFGL86CA,坡道平面,1200000,33.09
RPXPMLOJJHLFFGL86CA,坡道平面,1200000,33.09
RPVOMLRKKIKFFGL07CA,坡道平面,1150000,15.09
RPWOMLRKKIKFFGL17CA,坡道平面,1100000,15.09
RPXOMLRKKIKFFGL27CA,坡道平面,1250000,15.09
RPRNMLOKKIKFFGL88CA,坡道平面,0,
RPQPMLRKKIKFFGL66CA,坡道平面,1100000,15.09
RPPNMLKKKIKFFGL28CA,坡道機械,0,
RPUQMLSLKIKFFGL37CA,坡道平面,1200000,33.09
RPXQMLSLKIKFFGL67CA,坡道平面,1150000,33.09
RPXQMLSLKIKFFGL67CA,坡道平面,1150000,33.09
RPWQMLSLKIKFFGL57CA,坡道平面,1000000,33.09
RPVQMLSLKIKFFGL47CA,坡道平面,1150000,33.09
RPXOMLPLKIKFFGL17CA,坡道平面,1100000,33.09
RPQPMLPLKIKFFGL56CA,坡道平面,1150000,33.09
RPPPMLPLKIKFFGL09CA,坡道平面,1200000,33.09
RPSPMLPLKIKFFGL76CA,坡道平面,1150000,33.09
RPWOMLPLKIKFFGL07CA,坡道平面,1000000,33.09
RPRPMLPLKIKFFGL66CA,坡道平面,1150000,33.09
RPTOMLPLKIKFFGL76CA,坡道平面,1000000,33.09
RPOPMLPLKIKFFGL98CA,坡道平面,950000,33.09
RPSOMLPLKIKFFGL66CA,坡道平面,1100000,33.09
RPRNMLTLKIKFFGL86CA,坡道平面,1100000,33.09
RPQNMLTLKIKFFGL76CA,坡道平面,950000,33.09
RPSNMLTLKIKFFGL96CA,坡道平面,1100000,33.09
RPWPMLTLKIKFFGL57CA,坡道平面,1150000,33.09
RPXPMLTLKIKFFGL67CA,坡道平面,1075000,33.09
RPXPMLTLKIKFFGL67CA,坡道平面,1075000,33.09
RPWNMLLLKIKFFCB87DA,坡道平面,0,
RPWNMLLLKIKFFCB87DA,坡道平面,0,
RPWNMLLLKIKFFCB87DA,坡道平面,0,
RPWNMLLLKIKFFCB87DA,坡道平面,0,
RPQNMLLKKIKFFHL68DA,坡道平面,350000,
RPVNMLQJJHLFFFL56CA,一樓平面,0,
RPWNMLNLKIKFFHL96DA,坡道平面,0,
RPXNMLNLKIKFFHL07DA,坡道平面,0,
RPXNMLNLKIKFFHL07DA,坡道平面,0,
RPXNMLNLKIKFFHL07DA,坡道平面,0,
RPPSMLSKKIKFFAB08DA,坡道平面,0,
RPUNMLKKKIKFFIL98CA,坡道機械,0,
RPUNMLQKKIKFFFL66CA,坡道平面,0,
RPRPMLRKKIKFFGL76CA,坡道平面,1150000,15.09
RPSPMLRKKIKFFGL86CA,坡道平面,1100000,15.09
RPQQMLRKKIKFFGL76CA,坡道平面,1150000,15.09
RPPPMLRKKIKFFGL56CA,坡道平面,1150000,15.09
RPTPMLRKKIKFFGL96CA,坡道平面,1100000,15.09
RPPQMLRKKIKFFGL66CA,坡道平面,1100000,15.09
RPTQMLRKKIKFFGL07CA,坡道平面,1250000,15.09
RPSQMLRKKIKFFGL96CA,坡道平面,1100000,12.97
RPRQMLRKKIKFFGL86CA,坡道平面,1150000,15.09
RPUQMLRKKIKFFGL17CA,坡道平面,1100000,15.09
RPVQMLRKKIKFFGL27CA,坡道平面,1250000,15.09
RPWQMLRKKIKFFGL37CA,坡道平面,1250000,15.09
RPXQMLRKKIKFFGL47CA,坡道平面,1250000,15.09
RPTNMLKMKIKFFHL98CA,一樓平面,0,
RPUNMLKMKIKFFHL09CA,一樓平面,0,
RPPNMLNKKIKFFHL68CA,坡道平面,0,
RPOSMLSKKIKFFAB87CA,坡道平面,0,
RPQNMLRKKIKFFAB47CA,升降機械,0,
RPUPMLKKKIKFFAB37CA,坡道平面,0,
RPSOMLLLKIKFFAB27CA,坡道平面,0,
RPWOMLSJJHLFFGL07CA,坡道平面,0,
RPWOMLSJJHLFFGL07CA,坡道平面,0,
RPWOMLSJJHLFFGL07CA,坡道平面,0,
RPSNMLLKKIKFFAB07CA,坡道機械,0,13.22
RPXNMLOLKIKFFAB97CA,坡道平面,0,
RPQQMLSLKIKFFAB97CA,坡道平面,0,
RPVQMLNLKIKFFAB97CA,坡道平面,0,30.25
RPVQMLNLKIKFFAB97CA,坡道平面,0,30.25
RPPNMLLJJHLFFAB56CA,坡道機械,0,
RPQRMLQJJHLFFAB57CA,坡道平面,1250000,33.00
RPPRMLQJJHLFFAB47CA,坡道平面,1250000,33.00
RPXPMLRLKIKFFAB48CA,坡道平面,0,22.55
RPORMLQJJHLFFAB37CA,坡道平面,1350000,33.00
RPXQMLQJJHLFFAB18CA,坡道平面,1350000,33.00
RPWQMLQJJHLFFAB08CA,坡道平面,1350000,33.00
RPVQMLQJJHLFFAB97CA,坡道平面,1450000,33.00
RPRRMLQJJHLFFAB67CA,坡道平面,1200000,33.00
RPSRMLQJJHLFFAB77CA,坡道平面,1350000,33.00
RPTSMLQJJHLFFAB97CA,坡道平面,1350000,33.00
RPSSMLQJJHLFFAB87CA,坡道平面,1350000,33.00
RPVSMLQJJHLFFAB18CA,坡道平面,1350000,33.00
RPWSMLQJJHLFFAB28CA,坡道平面,1550000,33.00
RPUSMLQJJHLFFAB08CA,坡道平面,1350000,33.00
RPVRMLQJJHLFFAB08CA,坡道平面,1350000,33.00
RPURMLQJJHLFFAB97CA,坡道平面,1250000,33.00
RPXSMLQJJHLFFAB38CA,坡道平面,1250000,33.00
RPWRMLQJJHLFFAB18CA,坡道平面,1250000,33.00
RPXRMLQJJHLFFAB28CA,坡道平面,1250000,33.00
RPOSMLQJJHLFFAB47CA,坡道平面,1250000,33.00
RPQSMLQJJHLFFAB67CA,坡道平面,1250000,33.00
RPPTMLQJJHLFFAB67CA,坡道平面,1250000,33.00
RPQTMLQJJHLFFAB77CA,坡道平面,1250000,33.00
RPPSMLQJJHLFFAB57CA,坡道平面,1250000,33.00
RPSTMLQJJHLFFAB97CA,坡道平面,1350000,33.00
RPWTMLQJJHLFFAB38CA,坡道平面,1250000,33.00
RPTTMLQJJHLFFAB08CA,坡道平面,0,33.00
RPTTMLQJJHLFFAB08CA,坡道平面,0,33.00
RPRTMLQJJHLFFAB87CA,坡道平面,1250000,33.00
RPVTMLQJJHLFFAB28CA,坡道平面,1250000,33.00
RPUTMLQJJHLFFAB18CA,坡道平面,1250000,33.00
RPOUMLQJJHLFFAB67CA,坡道平面,1250000,33.00
RPPUMLQJJHLFFAB77CA,坡道平面,1250000,33.00
RPWUMLQJJHLFFAB48CA,坡道平面,1100000,33.00
RPVUMLQJJHLFFAB38CA,坡道平面,1350000,33.00
RPXTMLQJJHLFFAB48CA,坡道平面,1250000,33.00
RPQUMLQJJHLFFAB87CA,坡道平面,1250000,33.00
RPSUMLQJJHLFFAB08CA,坡道平面,1350000,33.00
RPUUMLQJJHLFFAB28CA,坡道平面,1350000,33.00
RPTUMLQJJHLFFAB18CA,坡道平面,1250000,33.00
RPRUMLQJJHLFFAB97CA,坡道平面,0,33.00
RPRUMLQJJHLFFAB97CA,坡道平面,0,33.00
RPRUMLQJJHLFFAB97CA,坡道平面,0,33.00
RPXUMLQJJHLFFAB58CA,坡道平面,1150000,33.00
RPOVMLQJJHLFFAB77CA,坡道平面,1250000,33.00
RPRVMLQJJHLFFAB08CA,坡道平面,1250000,33.00
RPSVMLQJJHLFFAB18CA,坡道平面,1150000,33.00
RPPVMLQJJHLFFAB87CA,坡道平面,1250000,33.00
RPQVMLQJJHLFFAB97CA,坡道平面,1250000,33.00
RPXVMLQJJHLFFAB68CA,坡道平面,1250000,33.00
RPOWMLQJJHLFFAB87CA,坡道平面,1350000,33.00
RPTVMLQJJHLFFAB28CA,坡道平面,1350000,33.00
RPSWMLQJJHLFFAB28CA,坡道平面,1100000,33.00
RPPWMLQJJHLFFAB97CA,坡道平面,1000000,33.00
RPQWMLQJJHLFFAB08CA,坡道平面,1100000,33.00
RPUVMLQJJHLFFAB38CA,坡道平面,1150000,33.00
RPRWMLQJJHLFFAB18CA,坡道平面,1000000,33.00
RPWVMLQJJHLFFAB58CA,坡道平面,1150000,33.00
RPVVMLQJJHLFFAB48CA,坡道平面,1150000,33.00
RPVSMLLKKIKFFBB97CA,坡道機械,0,
RPQPMLLKKIKFFBB17CA,坡道平面,0,33.32
RPSNMLOKKIKFFBB47CA,坡道機械,0,
RPOQMLLKKIKFFBB07CA,坡道機械,0,
RPWSMLLMKIKFFBB28CA,坡道平面,0,23.59
RPWSMLLMKIKFFBB28CA,坡道平面,0,23.59
RPWSMLLMKIKFFBB28CA,坡道平面,0,23.59
RPTSMLLMKIKFFBB97CA,坡道平面,0,23.59
RPTSMLLMKIKFFBB97CA,坡道平面,0,23.59
RPVSMLLMKIKFFBB18CA,坡道平面,0,23.59
RPVSMLLMKIKFFBB18CA,坡道平面,0,23.59
RPUSMLLMKIKFFBB08CA,坡道平面,0,23.59
RPUSMLLMKIKFFBB08CA,坡道平面,0,23.59
RPUSMLLMKIKFFBB08CA,坡道平面,0,23.59
RPXSMLLMKIKFFBB38CA,坡道平面,1400000,23.59
RPQTMLLMKIKFFBB77CA,坡道平面,1400000,23.59
RPOTMLLMKIKFFBB57CA,坡道平面,0,23.59
RPOTMLLMKIKFFBB57CA,坡道平面,0,23.59
RPPTMLLMKIKFFBB67CA,坡道平面,1300000,23.59
RPTTMLLMKIKFFBB08CA,坡道平面,0,23.59
RPTTMLLMKIKFFBB08CA,坡道平面,0,23.59
RPUTMLLMKIKFFBB18CA,坡道平面,0,23.59
RPUTMLLMKIKFFBB18CA,坡道平面,0,23.59
RPRTMLLMKIKFFBB87CA,坡道平面,0,23.59
RPRTMLLMKIKFFBB87CA,坡道平面,0,23.59
RPPUMLLMKIKFFBB77CA,坡道平面,0,23.59
RPPUMLLMKIKFFBB77CA,坡道平面,0,23.59
RPWTMLLMKIKFFBB38CA,坡道平面,1300000,23.59
RPSTMLLMKIKFFBB97CA,坡道平面,1400000,23.59
RPVTMLLMKIKFFBB28CA,坡道平面,0,23.59
RPVTMLLMKIKFFBB28CA,坡道平面,0,23.59
RPQUMLLMKIKFFBB87CA,坡道平面,1300000,23.59
RPOUMLLMKIKFFBB67CA,坡道平面,0,23.59
RPOUMLLMKIKFFBB67CA,坡道平面,0,23.59
RPXTMLLMKIKFFBB48CA,坡道平面,1300000,23.59
RPUUMLLMKIKFFBB28CA,坡道平面,0,23.59
RPUUMLLMKIKFFBB28CA,坡道平面,0,23.59
RPRUMLLMKIKFFBB97CA,坡道平面,1300000,23.59
RPVUMLLMKIKFFBB38CA,坡道平面,1400000,23.59
RPWUMLLMKIKFFBB48CA,坡道平面,0,23.59
RPWUMLLMKIKFFBB48CA,坡道平面,0,23.59
RPOVMLLMKIKFFBB77CA,坡道平面,0,23.59
RPOVMLLMKIKFFBB77CA,坡道平面,0,23.59
RPQVMLLMKIKFFBB97CA,坡道平面,0,23.59
RPQVMLLMKIKFFBB97CA,坡道平面,0,23.59
RPXUMLLMKIKFFBB58CA,坡道平面,0,23.59
RPXUMLLMKIKFFBB58CA,坡道平面,0,23.59
RPSUMLLMKIKFFBB08CA,坡道平面,0,23.59
RPSUMLLMKIKFFBB08CA,坡道平面,0,23.59
RPPVMLLMKIKFFBB87CA,坡道平面,0,23.59
RPPVMLLMKIKFFBB87CA,坡道平面,0,23.59
RPTUMLLMKIKFFBB18CA,坡道平面,0,23.59
RPTUMLLMKIKFFBB18CA,坡道平面,0,23.59
RPRVMLLMKIKFFBB08CA,坡道平面,0,23.59
RPRVMLLMKIKFFBB08CA,坡道平面,0,23.59
RPVVMLLMKIKFFBB48CA,坡道平面,0,23.59
RPVVMLLMKIKFFBB48CA,坡道平面,0,23.59
RPSVMLLMKIKFFBB18CA,坡道平面,0,23.59
RPSVMLLMKIKFFBB18CA,坡道平面,0,23.59
RPTVMLLMKIKFFBB28CA,坡道平面,0,23.59
RPTVMLLMKIKFFBB28CA,坡道平面,0,23.59
RPUVMLLMKIKFFBB38CA,坡道平面,0,23.59
RPUVMLLMKIKFFBB38CA,坡道平面,0,23.59
RPQRMLRKKIKFFBB97CA,坡道機械,0,
RPSQMLLLKIKFFBB57CA,坡道平面,0,20.49
RPSOMLQLKIKFFBB87CA,坡道平面,1300000,32.06
RPQOMLQLKIKFFBB67CA,坡道平面,1200000,32.06
RPQOMLQLKIKFFBB67CA,坡道平面,1200000,32.06
RPPOMLQLKIKFFBB57CA,坡道平面,1200000,32.06
RPPOMLQLKIKFFBB57CA,坡道平面,1200000,32.06
RPROMLQLKIKFFBB77CA,坡道平面,1350000,32.06
RPROMLQLKIKFFBB77CA,坡道平面,1350000,32.06
RPPOMLPLKIKFFCB57CA,坡道平面,0,
RPOPMLMLKIKFFCB27CA,坡道機械,0,
RPXSMLSLKIKFFCB09CA,坡道機械,0,
RPWNMLRLKIKFFCB38CA,坡道機械,0,12.90
RPVRNLMLKIKFFCB28CA,坡道平面,0,31.83
RPVRNLMLKIKFFCB28CA,坡道平面,0,31.83
RPSRMLRKKIKFFCB28CA,坡道平面,1600000,21.33
RPSRMLRKKIKFFCB28CA,坡道平面,1250000,17.96
RPVPMLQKKIKFFCB28CA,坡道機械,0,30.54
RPPOMLLKKIKFFCB07CA,坡道平面,0,
RPXQMLKKKIKFFCB97CA,坡道機械,0,11.63
RPPOMLKMKIKFFCB17CA,坡道平面,0,
RPXSMLRKKIKFFCB88CA,坡道平面,0,22.28
RPRQMLOKKIKFFCB77CA,坡道平面,0,23.92
RPRQMLOKKIKFFCB77CA,坡道平面,0,23.92
RPRQMLOKKIKFFCB77CA,坡道平面,0,23.92
RPWQMLOKKIKFFCB28CA,坡道平面,0,15.13
RPWQMLOKKIKFFCB28CA,坡道平面,0,13.64
RPVPMLOKKIKFFCB08CA,坡道平面,0,22.28
RPXQMLOKKIKFFCB38CA,坡道平面,0,15.13
RPXQMLOKKIKFFCB38CA,坡道平面,0,15.13
RPORMLOKKIKFFCB57CA,坡道平面,0,15.13
RPORMLOKKIKFFCB57CA,坡道平面,0,15.13
RPORMLOKKIKFFCB57CA,坡道平面,0,15.13
RPORMLOKKIKFFCB57CA,坡道機械,0,6.94
RPORMLOKKIKFFCB57CA,坡道機械,0,6.94
RPPRMLOKKIKFFCB67CA,坡道平面,0,15.13
RPPRMLOKKIKFFCB67CA,坡道機械,0,6.94
RPRVMLPJJHLFFCB18CA,坡道平面,0,29.84
RPRVMLPJJHLFFCB18CA,坡道平面,0,29.84
RPRVMLPJJHLFFCB18CA,坡道平面,0,29.84
RPXWMLPJJHLFFCB88CA,坡道平面,0,29.84
RPXWMLPJJHLFFCB88CA,坡道平面,0,29.84
SPRVMLPJJHLFFCB28CA,坡道平面,0,29.84
RPXWMLPJJHLFFCB88CA,坡道平面,0,29.84
RPXWMLPJJHLFFCB88CA,坡道平面,0,29.84
SPRVMLPJJHLFFCB28CA,坡道平面,0,29.84
RPXWMLPJJHLFFCB88CA,坡道平面,0,29.84
RPXWMLPJJHLFFCB88CA,坡道平面,0,29.84
SPRVMLPJJHLFFCB28CA,坡道平面,0,29.84
RPWWMLPJJHLFFCB78CA,坡道平面,0,29.84
RPWWMLPJJHLFFCB78CA,坡道平面,0,29.84
RPWWMLPJJHLFFCB78CA,坡道平面,0,29.84
RPWWMLPJJHLFFCB78CA,坡道平面,0,29.84
RPWWMLPJJHLFFCB78CA,坡道平面,0,29.84
RPWWMLPJJHLFFCB78CA,坡道平面,0,29.84
RPPNNLPJJHLFFCB27CA,坡道平面,0,29.84
RPPNNLPJJHLFFCB27CA,坡道平面,0,29.84
RPPNNLPJJHLFFCB27CA,坡道平面,0,29.84
RPPNNLPJJHLFFCB27CA,坡道平面,0,29.84
RPPNNLPJJHLFFCB27CA,坡道平面,0,29.84
RPPNNLPJJHLFFCB27CA,坡道平面,0,29.84
RPPNNLPJJHLFFCB27CA,坡道平面,0,29.84
RPONNLPJJHLFFCB17CA,坡道平面,0,29.84
RPONNLPJJHLFFCB17CA,坡道平面,0,29.84
RPONNLPJJHLFFCB17CA,坡道平面,0,29.84
RPONNLPJJHLFFCB17CA,坡道平面,0,29.84
RPONNLPJJHLFFCB17CA,坡道平面,0,29.84
RPONNLPJJHLFFCB17CA,坡道平面,0,29.84
SPPNNLPJJHLFFCB37CA,坡道平面,0,29.84
SPPNNLPJJHLFFCB37CA,坡道平面,0,29.84
SPPNNLPJJHLFFCB37CA,坡道平面,0,29.84
SPPNNLPJJHLFFCB37CA,坡道平面,0,29.84
SPPNNLPJJHLFFCB37CA,坡道平面,0,29.84
SPPNNLPJJHLFFCB37CA,坡道平面,0,29.84
SPPNNLPJJHLFFCB37CA,坡道平面,0,29.84
RPSNMLSJJHLFFCB77CA,坡道平面,0,33.01
RPOUMLLMKIKFFCB77CA,坡道平面,0,26.56
RPPNMLPJJHLFFCB17CA,坡道平面,0,19.83
RPPNMLPJJHLFFCB17CA,坡道平面,0,19.83
RPPNMLPJJHLFFCB17CA,坡道平面,0,19.83
RPQNMLPJJHLFFCB27CA,坡道平面,0,19.83
RPQNMLPJJHLFFCB27CA,坡道平面,0,19.83
RPQNMLPJJHLFFCB27CA,坡道平面,0,19.83
RPPRMLOJJHLFFCB47CA,坡道平面,0,29.84
RPPRMLOJJHLFFCB47CA,坡道平面,0,29.84
RPPRMLOJJHLFFCB47CA,坡道平面,0,29.84
RPXNMLPJJHLFFCB97CA,坡道平面,0,19.83
RPXNMLPJJHLFFCB97CA,坡道平面,0,19.83
RPXNMLPJJHLFFCB97CA,坡道平面,0,19.83
RPTQMLOJJHLFFCB77CA,坡道平面,0,29.84
RPTQMLOJJHLFFCB77CA,坡道平面,0,29.84
RPTQMLOJJHLFFCB77CA,坡道平面,0,29.84
RPVQMLOJJHLFFCB97CA,坡道平面,0,29.84
RPVQMLOJJHLFFCB97CA,坡道平面,0,29.84
RPVQMLOJJHLFFCB97CA,坡道平面,0,29.84
RPOOMLPJJHLFFCB17CA,坡道平面,0,19.83
RPOOMLPJJHLFFCB17CA,坡道平面,0,19.83
RPOOMLPJJHLFFCB17CA,坡道平面,0,19.83
RPOOMLPJJHLFFCB17CA,坡道平面,0,19.83
RPOOMLPJJHLFFCB17CA,坡道平面,0,19.83
RPOOMLPJJHLFFCB17CA,坡道平面,0,19.83
RPSRMLOJJHLFFCB77CA,坡道平面,0,29.84
RPSRMLOJJHLFFCB77CA,坡道平面,0,29.84
RPSRMLOJJHLFFCB77CA,坡道平面,0,29.84
RPRRMLOJJHLFFCB67CA,坡道平面,0,29.84
RPRRMLOJJHLFFCB67CA,坡道平面,0,29.84
RPRRMLOJJHLFFCB67CA,坡道平面,0,29.84
RPSNMLPJJHLFFCB47CA,坡道平面,0,19.83
RPSNMLPJJHLFFCB47CA,坡道平面,0,19.83
RPSNMLPJJHLFFCB47CA,坡道平面,0,19.83
RPVNMLPJJHLFFCB77CA,坡道平面,0,19.83
RPVNMLPJJHLFFCB77CA,坡道平面,0,19.83
RPVNMLPJJHLFFCB77CA,坡道平面,0,19.83
RPTNMLPJJHLFFCB57CA,坡道平面,0,19.83
RPTNMLPJJHLFFCB57CA,坡道平面,0,19.83
RPTNMLPJJHLFFCB57CA,坡道平面,0,19.83
RPUNMLPJJHLFFCB67CA,坡道平面,0,19.83
RPUNMLPJJHLFFCB67CA,坡道平面,0,19.83
RPUNMLPJJHLFFCB67CA,坡道平面,0,19.83
RPVPMLPJJHLFFCB97CA,坡道平面,0,29.84
RPVPMLPJJHLFFCB97CA,坡道平面,0,29.84
RPVPMLPJJHLFFCB97CA,坡道平面,0,29.84
RPRQMLPJJHLFFCB67CA,坡道平面,0,29.84
RPRQMLPJJHLFFCB67CA,坡道平面,0,29.84
RPRQMLPJJHLFFCB67CA,坡道平面,0,29.84
RPQQMLPJJHLFFCB57CA,坡道平面,0,29.84
RPQQMLPJJHLFFCB57CA,坡道平面,0,29.84
RPQQMLPJJHLFFCB57CA,坡道平面,0,29.84
RPQQMLPJJHLFFCB57CA,坡道平面,0,29.84
RPOOMLKKKIKFFFL18CA,坡道平面,0,
RPXPMLPJJHLFFCB18CA,坡道平面,0,29.84
RPXPMLPJJHLFFCB18CA,坡道平面,0,29.84
RPXPMLPJJHLFFCB18CA,坡道平面,0,29.84
RPXPMLPJJHLFFCB18CA,坡道平面,0,29.84
RPOQMLPJJHLFFCB37CA,坡道平面,0,29.84
RPOQMLPJJHLFFCB37CA,坡道平面,0,29.84
RPOQMLPJJHLFFCB37CA,坡道平面,0,29.84
RPPUMLSJJHLFFCB18CA,坡道平面,0,38.40
RPPUMLSJJHLFFCB18CA,坡道平面,0,38.40
RPPUMLSJJHLFFCB18CA,坡道平面,0,38.40
RPQUMLSJJHLFFCB28CA,坡道平面,0,38.40
RPQUMLSJJHLFFCB28CA,坡道平面,0,38.40
RPQUMLSJJHLFFCB28CA,坡道平面,0,38.40
RPWTMLSJJHLFFCB78CA,坡道平面,0,38.40
RPWTMLSJJHLFFCB78CA,坡道平面,0,38.40
RPWTMLSJJHLFFCB78CA,坡道平面,0,38.40
RPPSMLPJJHLFFCB67CA,坡道平面,0,29.84
RPPSMLPJJHLFFCB67CA,坡道平面,0,29.84
RPPSMLPJJHLFFCB67CA,坡道平面,0,29.84
RPVNMLLKKIKFFAL38CA,坡道機械,0,
RPUNMLOKKIKFFAL58CA,坡道機械,0,
RPQOMLPJJHLFFCB37CA,坡道平面,1250000,28.12
RPXRMLOJJHLFFCB28CA,坡道平面,0,
RPXOMLSJJHLFFCB38CA,坡道平面,0,
RPVUMLLMKIKFFCB48CA,坡道平面,0,
RPVUMLLMKIKFFCB48CA,坡道平面,0,
RPUTMLLMKIKFFCB28CA,坡道平面,0,19.00
RPUTMLLMKIKFFCB28CA,坡道平面,0,20.58
RPQQMLSJJHLFFCB87CA,坡道平面,0,22.49
RPQQMLSJJHLFFCB87CA,坡道機械,0,11.09
RPQQMLSJJHLFFCB87CA,坡道機械,0,11.09
RPSPMLRJJHLFFCB87CA,坡道機械,0,
RPPSMLLKKIKFFCB47CA,坡道機械,0,
RPPNMLLKJHLFFCB86CA,升降機械,0,
RPTOMLSJJHLFFCB97CA,坡道平面,0,
RPTOMLOKKIKFFCB77CA,坡道平面,1300000,33.08
RPROMLOKKIKFFCB57CA,坡道平面,0,
RPROMLOKKIKFFCB57CA,坡道平面,0,
RPVPMLLKKIKFFCB77CA,坡道平面,0,
RPVPMLLKKIKFFCB77CA,坡道平面,0,
RPVPMLLKKIKFFCB77CA,坡道平面,0,
RPWSMLLKKIKFFCB18CA,坡道平面,0,
RPPNMLLJJHLFFCB76CA,坡道平面,0,12.97
RPTPMLPKKIKFFCB97CA,坡道平面,0,
RPTPMLPKKIKFFCB97CA,坡道平面,0,
RPTPMLQKKIKFFCB08CA,坡道平面,0,24.79
RPWRMLLLKIKFFCB18CA,坡道平面,0,25.43
RPTQMLSKKIKFFCB38CA,坡道機械,0,
RPVOMLSKKIKFFCB38CA,坡道平面,0,
RPXRMLKMKIKFFCB28CA,坡道機械,0,6.39
RPXRMLKMKIKFFCB28CA,坡道機械,0,6.39
RPXRMLKMKIKFFCB28CA,坡道機械,0,5.02
RPXRMLKMKIKFFCB28CA,坡道機械,0,5.02
RPXRMLKMKIKFFCB28CA,坡道機械,0,5.02
RPXRMLKMKIKFFCB28CA,坡道機械,0,4.34
RPXRMLKMKIKFFCB28CA,坡道機械,0,4.34
RPXRMLKMKIKFFCB28CA,坡道機械,0,4.34
RPXRMLKMKIKFFCB28CA,坡道機械,0,4.34
RPXRMLKMKIKFFCB28CA,坡道機械,0,4.34
RPXRMLKMKIKFFCB28CA,坡道機械,0,4.34
RPURMLKMKIKFFCB97CA,坡道平面,0,12.78
RPURMLKMKIKFFCB97CA,坡道平面,0,12.78
RPURMLKMKIKFFCB97CA,坡道平面,0,12.78
RPURMLKMKIKFFCB97CA,坡道機械,0,5.02
RPURMLKMKIKFFCB97CA,坡道機械,0,5.02
RPURMLKMKIKFFCB97CA,坡道機械,0,5.02
SPURMLKMKIKFFCB08CA,坡道平面,0,15.06
SPURMLKMKIKFFCB08CA,坡道平面,0,12.78
SPURMLKMKIKFFCB08CA,坡道機械,0,6.39
SPURMLKMKIKFFCB08CA,坡道機械,0,6.39
SPURMLKMKIKFFCB08CA,坡道機械,0,4.34
SPURMLKMKIKFFCB08CA,坡道機械,0,4.34
SPURMLKMKIKFFCB08CA,坡道機械,0,4.34
RPQPMLLMKIKFFCB47CA,坡道平面,0,15.06
RPQPMLLMKIKFFCB47CA,坡道平面,0,15.06
RPQPMLLMKIKFFCB47CA,坡道平面,0,15.06
RPQPMLLMKIKFFCB47CA,坡道平面,0,15.06
RPQPMLLMKIKFFCB47CA,坡道平面,0,15.06
RPQPMLLMKIKFFCB47CA,坡道平面,0,15.06
SPQPMLLMKIKFFCB57CA,坡道平面,0,15.06
SPQPMLLMKIKFFCB57CA,坡道平面,0,15.06
SPQPMLLMKIKFFCB57CA,坡道平面,0,15.06
SPQPMLLMKIKFFCB57CA,坡道平面,0,12.78
SPQPMLLMKIKFFCB57CA,坡道機械,0,6.39
SPQPMLLMKIKFFCB57CA,坡道機械,0,6.39
RPRWMLPLKIKFFCB58CA,坡道平面,0,26.55
RPUNMLSLKIKFFCB28CA,坡道平面,0,31.14
RPUNMLSLKIKFFCB28CA,坡道平面,0,31.14
RPUUMLPLKIKFFCB68CA,坡道機械,0,18.57
RPSWMLOLKIKFFCB58CA,坡道平面,1150000,33.13
RPSWMLOLKIKFFCB58CA,坡道平面,1150000,33.13
RPTWMLOLKIKFFCB68CA,坡道平面,1300000,33.13
RPUWMLOLKIKFFCB78CA,坡道平面,1250000,33.13
RPPUMLOLKIKFFCB08CA,坡道機械,0,13.93
RPQNMLQLKIKFFCB67CA,升降機械,0,
RPUNMLQLKIKFFCB08CA,坡道平面,0,31.49
RPUNMLQLKIKFFCB08CA,坡道機械,0,23.34
RPUNMLQLKIKFFCB08CA,坡道機械,0,23.34
RPSSMLNLKIKFFCB08CA,坡道機械,0,
RPVWMLOLKIKFFCB88CA,坡道平面,850000,33.13
RPVWMLOLKIKFFCB88CA,坡道平面,850000,33.13
RPWWMLOLKIKFFCB98CA,坡道平面,950000,33.13
RPWWMLOLKIKFFCB98CA,坡道平面,950000,33.13
RPRQMLNLKIKFFCB77CA,坡道機械,0,
RPXWMLOLKIKFFCB09CA,坡道平面,1150000,33.13
RPORMLOKKIKFFBB47CA,坡道機械,0,
RPVPMLRKKIKFFBB28CA,坡道平面,0,
RPPPMLOKKIKFFBB37CA,坡道平面,0,19.83
RPOOMLOKKIKFFBB17CA,坡道機械,0,
RPQQMLSKKIKFFBB97CA,坡道機械,0,
RPPNMLRKKIKFFBB47CA,坡道平面,0,26.54
RPRSMLMLKIKFFBB77CA,坡道機械,600000,14.44
RPTSMLMLKIKFFBB97CA,坡道平面,1300000,22.46
RPPTMLMLKIKFFBB67CA,坡道機械,800000,14.44
RPOTMLMLKIKFFBB57CA,坡道平面,1200000,20.86
RPWSMLMLKIKFFBB28CA,坡道機械,800000,14.44
RPVSMLMLKIKFFBB18CA,坡道機械,0,14.44
RPVSMLMLKIKFFBB18CA,坡道機械,0,14.44
RPQTMLMLKIKFFBB77CA,坡道平面,1250000,22.46
RPSTMLMLKIKFFBB97CA,坡道機械,800000,14.44
RPUSMLMLKIKFFBB08CA,坡道平面,1200000,20.86
RPXSMLMLKIKFFBB38CA,坡道機械,800000,14.44
RPRTMLMLKIKFFBB87CA,坡道機械,0,14.44
RPRTMLMLKIKFFBB87CA,坡道機械,0,14.44
RPXTMLMLKIKFFBB48CA,坡道平面,1250000,22.46
RPWTMLMLKIKFFBB38CA,坡道平面,1150000,20.86
RPOUMLMLKIKFFBB67CA,坡道機械,800000,14.44
RPRUMLMLKIKFFBB97CA,坡道平面,1200000,20.86
RPTUMLMLKIKFFBB18CA,坡道平面,1150000,20.86
RPPUMLMLKIKFFBB77CA,坡道機械,550000,14.44
RPSUMLMLKIKFFBB08CA,坡道機械,650000,14.44
RPQUMLMLKIKFFBB87CA,坡道機械,0,14.44
RPQUMLMLKIKFFBB87CA,坡道機械,0,14.44
RPUTMLMLKIKFFBB18CA,坡道機械,600000,14.44
RPUUMLMLKIKFFBB28CA,坡道平面,1250000,22.46
RPVUMLMLKIKFFBB38CA,坡道機械,600000,14.44
RPWUMLMLKIKFFBB48CA,坡道平面,1250000,20.86
RPSPMLOLKIKFFBB77CA,坡道平面,0,26.88
RPQPMLOLKIKFFBB57CA,升降機械,0,
RPUPMLQJJHLFFBB87CA,坡道平面,0,24.92
SPSSMLNLKIKFFBB08CA,坡道平面,0,28.43
RPSSMLNLKIKFFBB97CA,坡道平面,0,28.43
RPORMLOJJHLFFBB27CA,坡道平面,1050000,25.03
RPRNMLQKKHLFFBB57CA,坡道機械,550000,13.10
RPTSMLRJJHLFFBB18CA,坡道平面,1250000,20.86
RPVQMLSKKIKFFAB38CA,坡道平面,0,
RPTPMLSKKIKFFAB08CA,坡道平面,0,
RPTPMLSKKIKFFAB08CA,坡道平面,0,
RPTRMLSKKIKFFAB28CA,坡道平面,0,
RPTRMLSKKIKFFAB28CA,坡道平面,0,
RPORMLSKKIKFFAB77CA,坡道平面,0,
RPOQMLSKKIKFFAB67CA,坡道平面,0,
RPVPMLSKKIKFFAB28CA,坡道平面,0,
RPXQMLSKKIKFFAB58CA,坡道平面,0,
RPPRMLSKKIKFFAB87CA,坡道平面,0,
RPRPMLTLKIKFFHL17CA,坡道機械,0,
RPTPMLTLKIKFFHL37CA,坡道機械,0,
RPSPMLTLKIKFFHL27CA,坡道機械,0,
RPUPMLTLKIKFFHL47CA,坡道平面,0,
RPVPMLTLKIKFFHL57CA,坡道平面,0,
RPSNMLSKKIKFFAB77CA,坡道平面,0,
RPTNMLSKKIKFFAB87CA,坡道平面,0,
RPUNMLPJJHLFFGL09CA,坡道機械,0,13.53
RPWNMLSKKIKFFAB18CA,坡道平面,0,
RPPOMLSKKIKFFAB57CA,坡道平面,0,
RPPOMLOLKIKFFFL78CA,坡道平面,0,28.79
RPSPMLSKKIKFFGL96CA,坡道平面,0,
RPRNMLOLKIKFFFL88CA,坡道平面,0,45.59
RPPNMLOLKIKFFFL68CA,坡道平面,0,34.71
RPQNMLOLKIKFFFL78CA,坡道平面,0,28.79
RPTNMLOLKIKFFFL09CA,坡道平面,0,29.88
RPQNMLNJJHLFFFL38CA,坡道機械,0,
RPVNMLSLKIKFFIL37CA,坡道平面,0,
RPWNMLLLKIKFFAB67DA,升降機械,0,
RPTQMLRKKIKFFAB18DA,坡道平面,0,
RPTQMLRKKIKFFAB18DA,坡道平面,0,
RPQRMLQKKIKFFCB08DA,坡道平面,0,29.82
RPUOMLNKJHLFFHL56CA,一樓平面,0,
RPVOMLNKJHLFFHL66CA,一樓平面,0,
RPQNMLPLKIKFFHL66EA,坡道平面,0,
RPVOMLOJJHLFFFL09CA,坡道機械,0,
RPVNMLOLKIKFFFL66CA,坡道平面,0,22.64
RPWNMLTLKIKFFFL27CA,升降機械,0,
RPPPMLTLKIKFFGL86CA,坡道平面,0,28.47
RPQOMLMLKIKFFGL78CA,升降機械,0,
RPUNMLQKKIKFFGL76CA,坡道機械,0,
RPRNMLSKKIKFFGL66CA,坡道平面,0,39.19
RPRNMLSKKIKFFGL66CA,坡道平面,0,39.19
RPXNMLQKKIKFFHL17CA,坡道機械,0,
RPQNMLSKKIKFFAB57CA,升降機械,0,
RPXPMLRKKIKFFAB38CA,升降機械,0,
RPXPMLRKKIKFFAB38CA,升降機械,0,
RPWNMLRKKIKFFAB08CA,升降平面,0,
RPVPMLPKKIKFFAB97CA,坡道機械,0,19.80
RPXOMLQKKIKFFAB18CA,坡道機械,0,
RPVSMLMLKIKFFAB08CA,坡道平面,0,
RPRPMLPLKIKFFAB67CA,升降平面,0,
RPXQMLNLKIKFFAB18CA,坡道平面,0,31.26
RPSNMLQLKIKFFAB67CA,坡道機械,0,
RPOPMLOJJHLFFAB96CA,坡道平面,0,
RPPRMLOJJHLFFBB37CA,坡道平面,1200000,25.28
RPPRMLOJJHLFFBB37CA,坡道平面,1200000,25.28
RPSRMLOJJHLFFBB67CA,坡道平面,1200000,25.28
RPTRMLOJJHLFFBB77CA,坡道平面,1100000,25.28
RPSSMLOJJHLFFBB77CA,坡道平面,1100000,25.28
RPOSMLOJJHLFFBB37CA,坡道平面,1100000,25.28
RPRSMLOJJHLFFBB67CA,坡道平面,1175000,25.28
RPRSMLOJJHLFFBB67CA,坡道平面,1175000,25.28
RPPSMLOJJHLFFBB47CA,坡道平面,1100000,25.28
RPPSMLOJJHLFFBB47CA,坡道平面,1100000,25.28
RPOTMLOJJHLFFBB47CA,坡道平面,1175000,25.28
RPOTMLOJJHLFFBB47CA,坡道平面,1175000,25.28
RPTSMLOJJHLFFBB87CA,坡道平面,1050000,25.28
RPQSMLOJJHLFFBB57CA,坡道平面,950000,25.28
RPVRMLOJJHLFFBB97CA,坡道平面,1125000,25.28
RPVRMLOJJHLFFBB97CA,坡道平面,1125000,25.28
RPRTMLOJJHLFFBB77CA,坡道平面,1100000,25.28
RPQTMLOJJHLFFBB67CA,坡道平面,1100000,25.28
RPQTMLOJJHLFFBB67CA,坡道平面,1100000,25.28
RPPTMLOJJHLFFBB57CA,坡道平面,1125000,25.28
RPPTMLOJJHLFFBB57CA,坡道平面,1125000,25.28
RPSTMLOJJHLFFBB87CA,坡道平面,1200000,25.28
RPPQMLOJJHLFFBB27CA,坡道平面,1150000,25.28
RPRPMLOJJHLFFBB37CA,坡道平面,1150000,25.28
RPRPMLOJJHLFFBB37CA,坡道平面,1150000,25.28
RPRQMLOJJHLFFBB47CA,坡道平面,1150000,25.28
RPQPMLOJJHLFFBB27CA,坡道平面,950000,25.28
RPQPMLOJJHLFFBB27CA,坡道平面,950000,25.28
RPSQMLOJJHLFFBB57CA,坡道平面,950000,25.28
RPSPMLOJJHLFFBB47CA,坡道平面,1100000,25.28
RPSPMLOJJHLFFBB47CA,坡道平面,1100000,25.28
RPQQMLOJJHLFFBB37CA,坡道平面,1200000,25.28
RPWPMLOJJHLFFBB87CA,坡道平面,1200000,25.28
RPWPMLOJJHLFFBB87CA,坡道平面,1200000,25.28
RPTPMLOJJHLFFBB57CA,坡道平面,1100000,25.28
RPTPMLOJJHLFFBB57CA,坡道平面,1100000,25.28
RPROMLOJJHLFFBB27CA,坡道平面,1150000,25.28
RPVOMLOJJHLFFBB67CA,坡道平面,1125000,25.28
RPWOMLOJJHLFFBB77CA,坡道平面,950000,25.28
RPVOMLOJJHLFFBB67CA,坡道平面,1125000,25.28
RPWOMLOJJHLFFBB77CA,坡道平面,950000,25.28
RPOPMLOJJHLFFBB07CA,坡道平面,1200000,25.28
RPOPMLOJJHLFFBB07CA,坡道平面,1200000,25.28
RPUQMLOJJHLFFBB77CA,坡道平面,1100000,25.28
RPXQMLOJJHLFFBB08CA,坡道平面,1200000,25.28
RPVQMLSJJHLFFBB28CA,坡道平面,0,30.45
RPRUMLSJJHLFFBB28CA,坡道平面,0,33.06
RPSUMLSJJHLFFBB38CA,坡道平面,0,33.06
RPSUMLSJJHLFFBB38CA,坡道平面,0,33.06
RPOQMLSJJHLFFBB57CA,坡道平面,0,33.06
RPOQMLSJJHLFFBB57CA,坡道平面,0,33.06
SPOQMLSJJHLFFBB67CA,坡道平面,0,33.06
SPOQMLSJJHLFFBB67CA,坡道平面,0,33.06
RPTUMLSJJHLFFBB48CA,坡道平面,0,33.06
RPTUMLSJJHLFFBB48CA,坡道平面,0,33.06
RPWUMLSJJHLFFBB78CA,坡道平面,0,30.45
RPVUMLSJJHLFFBB68CA,坡道平面,0,33.06
RPPVMLSJJHLFFBB18CA,坡道平面,0,33.06
RPPVMLSJJHLFFBB18CA,坡道平面,0,30.45
RPTVMLSJJHLFFBB58CA,坡道平面,0,33.06
RPTVMLSJJHLFFBB58CA,坡道平面,0,33.06
RPUWMLSJJHLFFBB78CA,坡道平面,0,30.45
RPQVMLSJJHLFFBB28CA,坡道平面,0,33.06
RPQVMLSJJHLFFBB28CA,坡道平面,0,30.45
RPSVMLSJJHLFFBB48CA,坡道平面,0,33.06
RPOUMLSJJHLFFBB97CA,坡道平面,0,30.45
RPXVMLSJJHLFFBB98CA,坡道平面,0,33.06
RPXVMLSJJHLFFBB98CA,坡道平面,0,30.45
RPVWMLSJJHLFFBB88CA,坡道平面,0,33.06
RPVWMLSJJHLFFBB88CA,坡道平面,0,33.06
RPVWMLSJJHLFFBB88CA,坡道平面,0,33.06
RPVVMLSJJHLFFBB78CA,坡道平面,0,33.06
RPVVMLSJJHLFFBB78CA,坡道平面,0,30.45
RPXNNLSJJHLFFBB28CA,坡道平面,0,33.06
RPPNNLSJJHLFFBB47CA,坡道平面,0,33.06
RPXNNLSJJHLFFBB28CA,坡道平面,0,33.06
RPOONLSJJHLFFBB47CA,坡道平面,0,33.06
RPOONLSJJHLFFBB47CA,坡道平面,0,30.45
RPSNNLSJJHLFFBB77CA,坡道平面,0,33.06
RPSNNLSJJHLFFBB77CA,坡道平面,0,33.06
RPONNLSJJHLFFBB37CA,坡道平面,0,36.06
RPUNNLSJJHLFFBB97CA,坡道平面,0,33.06
RPTNNLSJJHLFFBB87CA,坡道平面,0,33.06
RPWNNLSJJHLFFBB18CA,坡道平面,0,33.06
RPWNNLSJJHLFFBB18CA,坡道平面,0,33.06
RPVNNLSJJHLFFBB08CA,坡道平面,0,33.06
RPVNNLSJJHLFFBB08CA,坡道平面,0,33.06
RPQONLSJJHLFFBB67CA,坡道平面,0,33.06
RPSONLSJJHLFFBB87CA,坡道平面,0,33.06
RPRONLSJJHLFFBB77CA,坡道平面,0,33.06
RPRONLSJJHLFFBB77CA,坡道平面,0,33.06
RPTONLSJJHLFFBB97CA,坡道平面,0,33.06
RPUONLSJJHLFFBB08CA,坡道平面,0,33.06
RPUONLSJJHLFFBB08CA,坡道平面,0,30.45
RPSWMLSJJHLFFBB58CA,坡道平面,0,33.06
RPSWMLSJJHLFFBB58CA,坡道平面,0,33.06
RPWONLSJJHLFFBB28CA,坡道平面,0,33.06
RPWONLSJJHLFFBB28CA,坡道平面,0,30.45
RPWONLSJJHLFFBB28CA,坡道平面,0,50.48
RPXONLSJJHLFFBB38CA,坡道平面,0,33.06
RPVSMLOJJHLFFBB08CA,坡道平面,1100000,25.28
RPVTMLOJJHLFFBB18CA,坡道平面,1150000,25.28
RPUTMLOJJHLFFBB08CA,坡道平面,0,24.91
RPWSMLOJJHLFFBB18CA,坡道平面,1200000,25.28
RPXTMLOJJHLFFBB38CA,坡道平面,1100000,25.28
RPXTMLOJJHLFFBB38CA,坡道平面,1100000,25.28
RPPUMLOJJHLFFBB67CA,坡道平面,1175000,25.28
RPPUMLOJJHLFFBB67CA,坡道平面,1175000,25.28
RPWTMLOJJHLFFBB28CA,坡道平面,1150000,25.28
RPOUMLOJJHLFFBB57CA,坡道平面,1150000,25.28
RPOUMLOJJHLFFBB57CA,坡道平面,1150000,25.28
RPQUMLOJJHLFFBB77CA,坡道平面,1150000,25.28
RPRUMLOJJHLFFBB87CA,坡道平面,1150000,25.28
RPVNMLQLKIKFFBB08CA,坡道平面,0,21.53
RPWNMLQLKIKFFBB18CA,坡道平面,0,21.53
RPXNMLQLKIKFFBB28CA,坡道平面,0,21.53
RPTNMLQLKIKFFBB87CA,坡道平面,0,21.53
RPTQMLSKKIKFFBB28CA,坡道平面,0,
RPTNMLPLKIKFFBB77CA,坡道平面,0,33.04
RPSUMLSKKIKFFBB58CA,坡道平面,0,
RPUSMLRKKIKFFBB48CA,坡道平面,0,
RPQRMLLLKIKFFBB47CA,坡道平面,0,
RPQNMLQKKIKFFBB47CA,坡道機械,0,
RPSUMLOLKIKFFCB38CA,坡道平面,0,
RPORMLPLKIKFFCB77CA,坡道平面,0,32.46
RPORMLPLKIKFFCB77CA,坡道平面,0,32.46
RPORMLPLKIKFFCB77CA,坡道平面,0,32.46
RPQRMLPLKIKFFCB97CA,坡道平面,0,32.46
RPQRMLPLKIKFFCB97CA,坡道平面,0,32.46
RPQRMLPLKIKFFCB97CA,坡道平面,0,32.46
SPPQMLTLKIKFFCB28CA,坡道平面,1650000,17.27
SPPQMLTLKIKFFCB28CA,坡道平面,1550000,14.76
TPPQMLTLKIKFFCB38CA,坡道平面,1650000,17.27
TPPQMLTLKIKFFCB38CA,坡道平面,1550000,14.76
RPPTMLTLKIKFFCB48CA,坡道平面,1100000,14.76
RPPTMLTLKIKFFCB48CA,坡道機械,750000,8.35
RPPTMLTLKIKFFCB48CA,坡道機械,650000,8.35
RPQQMLTLKIKFFCB28CA,坡道平面,1650000,17.27
RPQQMLTLKIKFFCB28CA,坡道機械,750000,8.35
RPQQMLTLKIKFFCB28CA,坡道機械,650000,8.35
RPPQMLTLKIKFFCB18CA,坡道平面,1650000,17.27
RPPQMLTLKIKFFCB18CA,坡道平面,1550000,14.76
RPRQMLTLKIKFFCB38CA,坡道平面,1650000,17.27
RPRQMLTLKIKFFCB38CA,坡道平面,1550000,14.76
TPUQMLTLKIKFFCB88CA,坡道平面,1200000,17.27
TPUQMLTLKIKFFCB88CA,坡道平面,1100000,14.76
TPUQMLTLKIKFFCB88CA,坡道平面,1100000,14.76
SPRQMLTLKIKFFCB48CA,坡道平面,1650000,17.27
SPRQMLTLKIKFFCB48CA,坡道平面,1550000,14.76
RPTQMLTLKIKFFCB58CA,坡道平面,1100000,14.76
RPTQMLTLKIKFFCB58CA,坡道機械,750000,8.35
RPORMLTLKIKFFCB18CA,坡道平面,1650000,17.27
RPORMLTLKIKFFCB18CA,坡道機械,750000,8.35
RPORMLTLKIKFFCB18CA,坡道機械,650000,8.35
RPVQMLTLKIKFFCB78CA,坡道平面,1450000,17.27
RPVQMLTLKIKFFCB78CA,坡道平面,1450000,17.27
SPUQMLTLKIKFFCB78CA,坡道平面,1200000,17.27
SPUQMLTLKIKFFCB78CA,坡道平面,1200000,17.27
RPWQMLTLKIKFFCB88CA,坡道平面,1450000,17.27
RPWQMLTLKIKFFCB88CA,坡道平面,1450000,17.27
RPUQMLTLKIKFFCB68CA,坡道平面,1200000,17.27
RPUQMLTLKIKFFCB68CA,坡道平面,1200000,17.27
RPXQMLTLKIKFFCB98CA,坡道平面,1450000,17.27
RPXQMLTLKIKFFCB98CA,坡道平面,1350000,14.76
SPWQMLTLKIKFFCB98CA,坡道平面,1450000,17.27
SPWQMLTLKIKFFCB98CA,坡道平面,1450000,17.27
RPRRMLTLKIKFFCB48CA,坡道平面,1200000,17.27
RPTRMLTLKIKFFCB68CA,坡道平面,1450000,17.27
RPTRMLTLKIKFFCB68CA,坡道機械,750000,8.35
RPPRMLTLKIKFFCB28CA,坡道平面,1650000,17.27
RPPRMLTLKIKFFCB28CA,坡道機械,750000,8.35
RPPRMLTLKIKFFCB28CA,坡道機械,650000,8.35
RPQRMLTLKIKFFCB38CA,坡道平面,1450000,17.27
RPQRMLTLKIKFFCB38CA,坡道平面,1450000,17.27
SPTRMLTLKIKFFCB78CA,坡道平面,1100000,14.76
SPTRMLTLKIKFFCB78CA,坡道機械,650000,8.35
RPSRMLTLKIKFFCB58CA,坡道平面,1450000,17.27
RPSRMLTLKIKFFCB58CA,坡道平面,1450000,17.27
RPURMLTLKIKFFCB78CA,坡道平面,1200000,17.27
RPVRMLTLKIKFFCB88CA,坡道平面,1450000,17.27
RPVRMLTLKIKFFCB88CA,坡道平面,1350000,14.76
RPWRMLTLKIKFFCB98CA,坡道平面,1450000,17.27
RPWRMLTLKIKFFCB98CA,坡道平面,1450000,17.27
RPOSMLKMKIKFFCB47CA,坡道平面,0,15.06
RPOSMLKMKIKFFCB47CA,坡道平面,0,12.78
RPOSMLKMKIKFFCB47CA,坡道平面,0,12.78
RPOSMLKMKIKFFCB47CA,坡道平面,0,12.78
RPRSMLTLKIKFFCB58CA,坡道平面,1200000,17.27
RPRSMLTLKIKFFCB58CA,坡道機械,650000,8.35
RPXRMLTLKIKFFCB09CA,坡道平面,1100000,14.76
RPXRMLTLKIKFFCB09CA,坡道機械,750000,8.35
RPOSMLTLKIKFFCB28CA,坡道平面,1450000,17.27
RPOSMLTLKIKFFCB28CA,坡道平面,1350000,14.76
SPVRMLTLKIKFFCB98CA,坡道平面,1450000,17.27
SPVRMLTLKIKFFCB98CA,坡道平面,1350000,14.76
RPPSMLTLKIKFFCB38CA,坡道平面,1650000,17.27
RPPSMLTLKIKFFCB38CA,坡道平面,1650000,17.27
RPQSMLTLKIKFFCB48CA,坡道平面,1200000,17.27
RPQSMLTLKIKFFCB48CA,坡道機械,650000,8.35
SPTUMLTLKIKFFCB09CA,坡道平面,1450000,17.27
SPTUMLTLKIKFFCB09CA,坡道平面,1450000,17.27
SPTUMLTLKIKFFCB09CA,坡道平面,1450000,17.27
UPTUMLTLKIKFFCB66CA,坡道平面,1450000,17.27
UPTUMLTLKIKFFCB66CA,坡道平面,1450000,17.27
UPTUMLTLKIKFFCB66CA,坡道平面,1450000,17.27
RPTUMLTLKIKFFCB98CA,坡道平面,1650000,17.27
RPTUMLTLKIKFFCB98CA,坡道平面,1650000,17.27
RPTUMLTLKIKFFCB98CA,坡道平面,1650000,17.27
TPTUMLTLKIKFFCB56CA,坡道平面,1200000,17.27
TPTUMLTLKIKFFCB56CA,坡道機械,750000,8.35
TPTUMLTLKIKFFCB56CA,坡道機械,650000,8.35
RPVUMLTLKIKFFCB56CA,坡道平面,1450000,17.27
RPVUMLTLKIKFFCB56CA,坡道平面,1550000,14.76
RPVOMLKMKIKFFCB77CA,坡道平面,0,
RPPVMLTLKIKFFCB68CA,坡道平面,1850000,17.27
RPPVMLTLKIKFFCB68CA,坡道平面,1850000,17.27
RPPVMLTLKIKFFCB68CA,坡道平面,1850000,17.27
RPPVMLTLKIKFFCB68CA,坡道平面,1850000,17.27
RPPVMLTLKIKFFCB68CA,坡道平面,1850000,17.27
RPPVMLTLKIKFFCB68CA,坡道平面,1850000,17.27
RPPVMLTLKIKFFCB68CA,坡道平面,1850000,17.27
RPPVMLTLKIKFFCB68CA,坡道平面,1850000,17.27
RPPVMLTLKIKFFCB68CA,坡道平面,1850000,17.27
RPPVMLTLKIKFFCB68CA,坡道平面,1850000,17.27
RPPVMLTLKIKFFCB68CA,坡道平面,1850000,17.27
RPPVMLTLKIKFFCB68CA,坡道平面,1850000,17.27
RPPVMLTLKIKFFCB68CA,坡道平面,1850000,17.27
RPPVMLTLKIKFFCB68CA,坡道平面,1750000,17.27
RPPVMLTLKIKFFCB68CA,坡道平面,1750000,14.76
RPPVMLTLKIKFFCB68CA,坡道平面,1750000,14.76
RPPVMLTLKIKFFCB68CA,坡道平面,1750000,14.76
RPPVMLTLKIKFFCB68CA,坡道平面,1750000,14.76
RPPVMLTLKIKFFCB68CA,坡道平面,1750000,14.76
RPPVMLTLKIKFFCB68CA,坡道平面,1750000,14.76
RPQVMLTLKIKFFCB78CA,坡道平面,1200000,17.27
RPQVMLTLKIKFFCB78CA,坡道平面,1200000,17.27
RPQVMLTLKIKFFCB78CA,坡道機械,750000,8.35
SPVUMLTLKIKFFCB66CA,坡道平面,1450000,17.27
SPVUMLTLKIKFFCB66CA,坡道平面,1550000,14.76
RPTTMLTLKIKFFCB88CA,坡道平面,1200000,17.27
RPTTMLTLKIKFFCB88CA,坡道機械,750000,8.35
RPTTMLTLKIKFFCB88CA,坡道機械,650000,8.35
RPRVMLTLKIKFFCB88CA,坡道平面,1650000,17.27
RPRVMLTLKIKFFCB88CA,坡道機械,750000,8.35
RPRVMLTLKIKFFCB88CA,坡道機械,650000,8.35
RPVTMLTLKIKFFCB09CA,坡道機械,700000,8.35
RPTVMLTLKIKFFCB09CA,坡道平面,1650000,17.27
RPTVMLTLKIKFFCB09CA,坡道平面,1650000,17.27
RPUTMLTLKIKFFCB98CA,坡道平面,1650000,17.27
RPUTMLTLKIKFFCB98CA,坡道平面,1650000,17.27
RPWVMLTLKIKFFCB76CA,坡道平面,1750000,17.27
RPWVMLTLKIKFFCB76CA,坡道平面,1650000,14.76
RPWVMLTLKIKFFCB76CA,坡道平面,1650000,14.76
RPXVMLTLKIKFFCB86CA,坡道機械,750000,8.35
RPXVMLTLKIKFFCB86CA,坡道機械,650000,8.35
RPPWMLTLKIKFFCB78CA,坡道平面,1200000,17.27
RPPWMLTLKIKFFCB78CA,坡道機械,750000,8.35
RPPWMLTLKIKFFCB78CA,坡道機械,650000,8.35
RPQOMLRKKIKFFCB77CA,坡道平面,0,26.35
SPWVMLTLKIKFFCB86CA,坡道平面,1750000,17.27
SPWVMLTLKIKFFCB86CA,坡道平面,1650000,14.76
SPWVMLTLKIKFFCB86CA,坡道平面,1650000,14.76
RPXPMLRKKIKFFCB58CA,坡道平面,0,26.45
RPPPMLPKKIKFFCB57CA,坡道平面,0,
RPOVMLTKKIKFFCB48CA,坡道平面,1200000,33.79
RPPVMLTKKIKFFCB58CA,坡道平面,1400000,33.79
RPRVMLLMKIKFFCB18CA,升降機械,0,
RPROMLRJJHLFFCB67CA,坡道機械,0,
RPOPMLSJJHLFFCB57CA,坡道平面,0,35.00
RPRPMLSJJHLFFCB87CA,坡道平面,0,
RPPPMLRJJHLFFCB57CA,坡道平面,0,35.90
RPSPMLQJJHLFFCB77CA,坡道機械,0,
RPRSMLOJJHLFFCB77CA,坡道平面,0,
RPPTMLLMKIKFFCB77CA,坡道平面,0,
RPQNMLPKKIKFFCL48CA,坡道機械,0,
RPPTMLMKRHMFFCB48CA,坡道平面,0,32.46
RPPTMLMKRHMFFCB48CA,坡道平面,0,49.00
RPQTMLMKRHMFFCB58CA,坡道平面,0,32.46
RPQTMLMKRHMFFCB58CA,坡道平面,0,32.46
RPXSMLMKRHMFFCB56CA,坡道平面,0,32.46
RPXSMLMKRHMFFCB56CA,坡道平面,0,32.46
RPVSMLMKRHMFFCB98CA,坡道平面,0,32.46
RPVSMLMKRHMFFCB98CA,坡道平面,0,32.46
RPVSMLMKRHMFFCB98CA,坡道平面,0,32.46
RPPPMLSJRHMFFCB58CA,坡道平面,0,32.46
RPPPMLSJRHMFFCB58CA,坡道平面,0,32.46
RPRPMLSJRHMFFCB78CA,坡道平面,0,32.46
RPRPMLSJRHMFFCB78CA,坡道平面,0,32.46
RPRPMLSJRHMFFCB78CA,坡道平面,0,32.46
RPSPMLSJRHMFFCB88CA,坡道平面,0,32.46
RPSPMLSJRHMFFCB88CA,坡道平面,0,32.46
RPRPMLPJRHMFFCB48CA,坡道平面,0,32.46
RPRPMLPJRHMFFCB48CA,坡道平面,0,32.46
RPSPMLPJRHMFFCB58CA,坡道平面,0,32.46
RPSPMLPJRHMFFCB58CA,坡道平面,0,32.46
RPRPMLOJRHMFFCB38CA,坡道平面,0,32.46
RPRPMLOJRHMFFCB38CA,坡道平面,0,49.00
RPSPMLOJRHMFFCB48CA,坡道平面,0,32.46
RPSPMLOJRHMFFCB48CA,坡道平面,0,32.46
RPSPMLOJRHMFFCB48CA,坡道平面,0,32.46
RPQPMLRKKIKFFAL68CA,坡道平面,0,
RPSNMLRKKIKFFCL88CA,坡道平面,0,
RPTNMLNJJHLFFCB37CA,坡道平面,630000,
RPOPMLQJJHLFFCB37CA,升降平面,0,
RPTNMLSJJHLFFCB87CA,坡道平面,0,33.01
RPTNMLSJJHLFFCB87CA,坡道平面,0,33.01
RPTPMLSJJHLFFCB08CA,坡道平面,0,
RPPNMLMJJHLFFCB86CA,坡道平面,0,39.74
RPQQMLLKJHLFFCB27CA,坡道機械,0,12.11
RPPNMLOKJHLFFCB17CA,坡道平面,0,
RPPNMLOKJHLFFCB17CA,坡道平面,0,
RPRNMLOKJHLFFCB37CA,坡道平面,0,
RPRNMLOKJHLFFCB37CA,坡道平面,0,
RPQNMLOKJHLFFCB27CA,坡道平面,0,
RPQNMLOKJHLFFCB27CA,坡道平面,0,
RPTQOLNKJHLFFCB97CA,坡道平面,0,
RPTQOLNKJHLFFCB97CA,坡道平面,0,
RPTQOLNKJHLFFCB97CA,坡道平面,0,
RPWQOLNKJHLFFCB28CA,坡道平面,0,
RPWQOLNKJHLFFCB28CA,坡道平面,0,
RPUQOLNKJHLFFCB08CA,坡道平面,0,
RPUQOLNKJHLFFCB08CA,坡道平面,0,
RPSNMLOKJHLFFCB47CA,坡道平面,0,
RPSNMLOKJHLFFCB47CA,坡道平面,0,
RPXQOLNKJHLFFCB38CA,坡道平面,0,
RPXQOLNKJHLFFCB38CA,坡道平面,0,
RPXQOLNKJHLFFCB38CA,坡道平面,0,
RPVQOLNKJHLFFCB18CA,坡道平面,0,
RPVQOLNKJHLFFCB18CA,坡道平面,0,
RPVQOLNKJHLFFCB18CA,坡道平面,0,
RPTNMLOKJHLFFCB57CA,坡道平面,0,
RPTNMLOKJHLFFCB57CA,坡道平面,0,
RPRRMLNKJHLFFCB67CA,坡道機械,0,
RPRRMLNKJHLFFCB67CA,坡道機械,0,
RPRRMLNKJHLFFCB67CA,坡道機械,0,
RPRRMLNKJHLFFCB67CA,坡道機械,0,
RPRRMLNKJHLFFCB67CA,坡道機械,0,
RPRRMLNKJHLFFCB67CA,坡道機械,0,
RPRRMLNKJHLFFCB67CA,坡道機械,0,
RPRRMLNKJHLFFCB67CA,坡道機械,0,
RPRRMLNKJHLFFCB67CA,坡道機械,0,
RPRRMLNKJHLFFCB67CA,坡道機械,0,
RPRRMLNKJHLFFCB67CA,坡道機械,0,
RPRRMLNKJHLFFCB67CA,坡道機械,0,
RPRRMLNKJHLFFCB67CA,坡道機械,0,
RPRRMLNKJHLFFCB67CA,坡道機械,0,
RPRRMLNKJHLFFCB67CA,坡道機械,0,
RPRRMLNKJHLFFCB67CA,坡道機械,0,
RPWNMLOKJHLFFCB87CA,坡道平面,0,
RPWNMLOKJHLFFCB87CA,坡道平面,0,
RPWNMLOKJHLFFCB87CA,坡道平面,0,
RPPOMLOKJHLFFCB27CA,坡道平面,0,
RPPOMLOKJHLFFCB27CA,坡道平面,0,
RPXNMLOKJHLFFCB97CA,坡道平面,0,
RPXNMLOKJHLFFCB97CA,坡道平面,0,
RPUNMLOKJHLFFCB67CA,坡道平面,0,
RPUNMLOKJHLFFCB67CA,坡道平面,0,
RPOOMLOKJHLFFCB17CA,坡道平面,0,
RPOOMLOKJHLFFCB17CA,坡道平面,0,
RPOOMLOKJHLFFCB17CA,坡道平面,0,
RPVNMLOKJHLFFCB77CA,坡道平面,0,
RPVNMLOKJHLFFCB77CA,坡道平面,0,
RPVNMLOKJHLFFCB77CA,坡道平面,0,
RPQOMLOKJHLFFCB37CA,坡道平面,0,
RPQOMLOKJHLFFCB37CA,坡道平面,0,
RPROMLOKJHLFFCB47CA,坡道平面,0,
RPROMLOKJHLFFCB47CA,坡道平面,0,
RPROMLOKJHLFFCB47CA,坡道平面,0,
RPUQMLMKJHLFFCB77CA,坡道平面,0,
RPUQMLMKJHLFFCB77CA,坡道平面,0,
RPUQMLMKJHLFFCB77CA,坡道平面,0,
RPSOMLOKJHLFFCB57CA,坡道平面,0,
RPSOMLOKJHLFFCB57CA,坡道平面,0,
RPQNMLQKKIKFFCB57CA,坡道平面,0,
RPQPMLQKKIKFFCB77CA,升降機械,0,
RPOPMLQKKIKFFCB57CA,坡道機械,0,13.89
RPRQOLNKJHLFFCB77CA,坡道平面,0,
RPRQOLNKJHLFFCB77CA,坡道平面,0,
RPPQOLNKJHLFFCB57CA,坡道平面,0,
RPPQOLNKJHLFFCB57CA,坡道平面,0,
RPPQOLNKJHLFFCB57CA,坡道平面,0,
RPXPOLNKJHLFFCB28CA,坡道平面,0,
RPXPOLNKJHLFFCB28CA,坡道平面,0,
RPOQOLNKJHLFFCB47CA,坡道平面,0,
RPOQOLNKJHLFFCB47CA,坡道平面,0,
RPQQOLNKJHLFFCB67CA,坡道平面,0,
RPQQOLNKJHLFFCB67CA,坡道平面,0,
RPUQMLOKJHLFFCB97CA,坡道平面,0,
RPUQMLOKJHLFFCB97CA,坡道平面,0,
RPUQMLOKJHLFFCB97CA,坡道平面,0,
RPOPMLTKKIKFFCB87CA,坡道平面,1000000,33.83
RPOPMLTKKIKFFCB87CA,坡道機械,600000,19.33
RPQPMLTKKIKFFCB08CA,坡道平面,1000000,33.83
RPPPMLTKKIKFFCB97CA,坡道平面,1100000,33.83
RPPPMLTKKIKFFCB97CA,坡道平面,1100000,33.83
RPXOMLLLKIKFFCB97CA,坡道機械,0,
RPPOMLRKKIKFFCB67CA,坡道平面,0,21.71
RPVPMLLLKIKFFCB87CA,坡道平面,0,
RPQNMLRKKIKFFCB67CA,坡道平面,0,19.83
RPQNMLRKKIKFFCB67CA,坡道平面,0,19.83
RPRNMLRKKIKFFCB77CA,坡道平面,0,19.83
RPRNMLRKKIKFFCB77CA,坡道平面,0,19.83
RPSNMLRKKIKFFCB87CA,坡道平面,0,19.83
RPSNMLRKKIKFFCB87CA,坡道平面,0,19.83
RPOTMLRKKIKFFCB08CA,坡道平面,0,15.11
RPOTMLRKKIKFFCB08CA,坡道機械,0,6.19
RPOTMLRKKIKFFCB08CA,坡道機械,0,6.19
RPUNMLRKKIKFFCB08CA,坡道平面,0,19.83
RPUNMLRKKIKFFCB08CA,坡道平面,0,19.83
RPROMLSKKIKFFCB97CA,坡道平面,0,15.11
RPROMLSKKIKFFCB97CA,坡道平面,0,15.11
RPWNMLRKKIKFFCB28CA,坡道平面,0,19.83
RPWNMLRKKIKFFCB28CA,坡道平面,0,19.83
RPPTMLRKKIKFFCB18CA,坡道平面,1350000,15.11
RPQTMLRKKIKFFCB28CA,坡道平面,0,15.11
RPQTMLRKKIKFFCB28CA,坡道平面,0,15.11
RPRTMLRKKIKFFCB38CA,坡道平面,0,15.11
RPRTMLRKKIKFFCB38CA,坡道平面,0,15.11
RPTTMLRKKIKFFCB58CA,坡道平面,0,15.11
RPTTMLRKKIKFFCB58CA,坡道平面,0,15.11
RPSTMLRKKIKFFCB48CA,坡道平面,0,15.11
RPSTMLRKKIKFFCB48CA,坡道機械,0,6.19
RPSTMLRKKIKFFCB48CA,坡道機械,0,6.19
RPSWMLTLKIKFFCB09CA,坡道平面,1450000,17.27
RPSWMLTLKIKFFCB09CA,坡道平面,1450000,17.27
RPSWMLTLKIKFFCB09CA,坡道平面,1450000,17.27
RPSNNLTLKIKFFCB28CA,坡道平面,1650000,17.27
RPSNNLTLKIKFFCB28CA,坡道平面,1650000,17.27
RPSNNLTLKIKFFCB28CA,坡道平面,1650000,17.27
RPONNLTLKIKFFCB87CA,坡道平面,1650000,17.27
RPONNLTLKIKFFCB87CA,坡道平面,1650000,17.27
RPONNLTLKIKFFCB87CA,坡道平面,1650000,17.27
RPQWMLTLKIKFFCB88CA,坡道平面,1650000,17.27
RPQWMLTLKIKFFCB88CA,坡道平面,1650000,17.27
VPONNLTLKIKFFCB28CA,坡道平面,1650000,17.27
VPONNLTLKIKFFCB28CA,坡道平面,1650000,17.27
RPRWMLTLKIKFFCB98CA,坡道平面,1200000,17.27
RPRWMLTLKIKFFCB98CA,坡道平面,1100000,14.76
UPONNLTLKIKFFCB18CA,坡道平面,1650000,17.27
UPONNLTLKIKFFCB18CA,坡道平面,1650000,17.27
RPQNNLTLKIKFFCB08CA,坡道平面,1650000,17.27
RPQNNLTLKIKFFCB08CA,坡道平面,1650000,17.27
RPUWMLTLKIKFFCB66CA,坡道平面,1650000,17.27
RPUWMLTLKIKFFCB66CA,坡道平面,1650000,17.27
TPONNLTLKIKFFCB08CA,坡道平面,1650000,17.27
TPONNLTLKIKFFCB08CA,坡道平面,1650000,17.27
SPONNLTLKIKFFCB97CA,坡道平面,1650000,17.27
SPONNLTLKIKFFCB97CA,坡道平面,1650000,17.27
RPUQNLMLKIKFFCB08CA,坡道平面,1725000,33.21
RPVNNLTLKIKFFCB58CA,坡道平面,1450000,17.27
RPVNNLTLKIKFFCB58CA,坡道機械,750000,8.35
RPVNNLTLKIKFFCB58CA,坡道機械,650000,8.35
RPOSMLPLKIKFFCB87CA,坡道平面,0,14.75
RPSNMLRLKIKFFCB97CA,坡道機械,0,11.64
RPOPMLLMKIKFFCB27CA,升降平面,0,
RPOPMLLMKIKFFCB27CA,升降平面,0,
RPSNMLNLKIKFFCB57CA,坡道機械,0,
RPTSMLPLKIKFFCB38CA,坡道平面,0,
RPTRMLRKKIKFFBB28CA,升降平面,0,
RPTVMLOLKIKFFCB58CA,坡道平面,0,26.46
RPQOMLTKKIKFFBB87CA,坡道機械,0,7.29
RPROMLRKKIKFFBB77CA,坡道平面,0,
RPWQMLLLKIKFFBB97CA,坡道機械,0,
RPPPMLSLKIKFFBB87CA,坡道平面,0,36.95
RPSNMLLKJHLFFBB07CA,坡道機械,0,
RPOSMLLKJHLFFBB17CA,坡道機械,0,14.81
RPURMLKMKIKFFAB77CA,坡道平面,0,23.16
RPTRMLKMKIKFFAB67CA,坡道平面,0,23.16
RPVRMLKMKIKFFAB87CA,坡道平面,0,23.16
RPOPMLKMKIKFFAB96CA,坡道平面,0,26.84
RPUQMLKMKIKFFAB67CA,坡道平面,0,26.84
RPUQMLKMKIKFFAB67CA,坡道平面,0,26.84
RPORMLKMKIKFFAB17CA,坡道平面,0,26.84
RPXQMLKMKIKFFAB97CA,坡道平面,0,26.84
RPSQMLKMKIKFFAB47CA,坡道平面,0,26.84
RPTPMLKMKIKFFAB47CA,坡道平面,0,26.84
RPTPMLKMKIKFFAB47CA,坡道平面,0,23.16
RPRRMLKMKIKFFAB47CA,坡道平面,0,26.84
RPRRMLKMKIKFFAB47CA,坡道平面,0,26.84
RPWPMLKMKIKFFAB77CA,坡道平面,0,23.16
RPWPMLKMKIKFFAB77CA,坡道平面,0,23.16
RPXPMLKMKIKFFAB87CA,坡道平面,0,26.84
RPXPMLKMKIKFFAB87CA,坡道平面,0,23.16
RPUNMLOLKIKFFAB67CA,坡道平面,1150000,33.94
RPWQMLNLKIKFFAB08CA,坡道機械,0,13.61
RPQSMLNLKIKFFAB67CA,坡道機械,0,
RPQSMLNLKIKFFAB67CA,坡道機械,0,
RPTOMLQKKIKFFAB77CA,坡道機械,0,
RPTOMLQKKIKFFAB77CA,坡道機械,0,
RPWPMLTLKIKFFHL67CA,坡道機械,0,
RPQSMLMLKIKFFGL56CA,坡道平面,1200000,31.91
RPSSMLMLKIKFFGL76CA,坡道平面,1200000,31.91
RPPTMLMLKIKFFGL56CA,坡道平面,1200000,31.91
RPXNMLNLKIKFFAB87CA,坡道平面,0,23.18
RPQOMLTLKIKFFGL86CA,坡道平面,1100000,28.21
RPPOMLTLKIKFFGL76CA,坡道平面,1250000,31.91
RPRQMLNLKIKFFGL56CA,坡道平面,1150000,15.09
RPVQMLNLKIKFFGL96CA,坡道平面,1100000,12.97
RPUPMLNLKIKFFGL76CA,坡道平面,1100000,12.97
RPQRMLNLKIKFFGL56CA,坡道平面,0,15.09
RPQRMLNLKIKFFGL56CA,坡道平面,0,15.09
RPVPMLNLKIKFFGL86CA,坡道平面,1000000,12.97
RPXQMLNLKIKFFGL17CA,坡道平面,1100000,15.09
RPSOMLTLKIKFFGL07CA,坡道平面,1100000,31.91
RPROMLTLKIKFFGL96CA,坡道平面,1250000,31.91
RPUNMLSKKIKFFFL86CA,坡道機械,0,
RPVOMLPLKIKFFGL96CA,坡道平面,0,
RPVOMLPLKIKFFGL96CA,坡道平面,0,
RPVNMLLLKIKFFFL09DA,坡道機械,0,
RPXTMLMKJHLFFFL07CA,坡道機械,0,
RPQNMLMKJHLFFIL68CA,一樓平面,0,
RPQSMLKMKIKFFBB67DA,坡道平面,0,27.90
RPTNMLPLKIKFFIL86CA,坡道平面,0,
RPSNMLMKJHLFFHL78CA,坡道平面,0,
RPTOMLTLKIKFFGL17CA,坡道平面,1400000,31.91
RPWQMLNLKIKFFGL07CA,坡道平面,1150000,12.97
RPSQMLNLKIKFFGL66CA,坡道平面,1250000,15.09
RPWPMLNLKIKFFGL96CA,坡道平面,1100000,15.09
RPTQMLNLKIKFFGL76CA,坡道平面,1150000,15.09
RPUQMLNLKIKFFGL86CA,坡道平面,1150000,15.09
RPXPMLNLKIKFFGL07CA,坡道平面,1100000,15.09
RPOQMLNLKIKFFGL88CA,坡道平面,1250000,15.09
RPQQMLNLKIKFFGL09CA,坡道平面,1150000,12.97
RPPQMLNLKIKFFGL98CA,坡道平面,1150000,15.09
RPSPMLNLKIKFFGL56CA,坡道平面,1000000,12.97
RPTPMLNLKIKFFGL66CA,坡道平面,1150000,15.09
RPXPMLPJJHLFFGL96CA,坡道平面,1100000,40.72
RPPQMLPJJHLFFGL88CA,坡道平面,1050000,38.71
RPWPMLPJJHLFFGL86CA,坡道平面,1150000,40.72
RPSQMLPJJHLFFGL56CA,坡道平面,1210000,40.72
RPUQMLPJJHLFFGL76CA,坡道平面,1150000,40.72
RPOQMLPJJHLFFGL78CA,坡道平面,1100000,40.72
RPVQMLPJJHLFFGL86CA,坡道平面,1100000,40.72
RPQQMLPJJHLFFGL98CA,坡道平面,1100000,40.72
RPRQMLPJJHLFFGL09CA,坡道平面,1100000,40.72
RPTQMLPJJHLFFGL66CA,坡道平面,1150000,40.72
RPWQMLPJJHLFFGL96CA,坡道平面,1100000,40.72
RPXQMLPJJHLFFGL07CA,坡道平面,0,38.71
RPXQMLPJJHLFFGL07CA,坡道平面,0,38.71
RPQRMLPJJHLFFGL09CA,坡道平面,1100000,40.72
RPRRMLPJJHLFFGL56CA,坡道平面,1100000,40.72
RPURMLPJJHLFFGL86CA,坡道平面,1150000,40.72
RPWRMLPJJHLFFGL07CA,坡道平面,0,40.72
RPWRMLPJJHLFFGL07CA,坡道平面,0,40.72
RPPRMLPJJHLFFGL98CA,坡道平面,1100000,40.72
RPVRMLPJJHLFFGL96CA,坡道平面,1100000,40.72
RPSRMLPJJHLFFGL66CA,坡道平面,1150000,40.72
RPOSMLPJJHLFFGL98CA,坡道平面,1150000,40.72
RPXRMLPJJHLFFGL17CA,坡道平面,1210000,40.72
RPTRMLPJJHLFFGL76CA,坡道平面,1100000,40.72
RPORMLPJJHLFFGL88CA,坡道平面,1100000,40.72
RPQSMLPJJHLFFGL56CA,坡道平面,1150000,40.72
RPRSMLPJJHLFFGL66CA,坡道平面,1150000,40.72
RPWSMLPJJHLFFGL17CA,坡道平面,1150000,40.72
RPTSMLPJJHLFFGL86CA,坡道平面,1100000,40.72
RPVSMLPJJHLFFGL07CA,坡道平面,1210000,40.72
RPSSMLPJJHLFFGL76CA,坡道平面,1150000,40.72
RPUSMLPJJHLFFGL96CA,坡道平面,0,40.72
RPUSMLPJJHLFFGL96CA,坡道平面,0,40.72
RPXSMLPJJHLFFGL27CA,坡道平面,1150000,40.72
RPOTMLPJJHLFFGL09CA,坡道平面,1100000,40.72
RPPTMLPJJHLFFGL56CA,坡道平面,1210000,40.72
RPRTMLPJJHLFFGL76CA,坡道平面,1150000,40.72
RPQTMLPJJHLFFGL66CA,坡道平面,1210000,40.72
RPVNMLSKKIKFFHL17CA,坡道平面,850000,19.97
RPXNMLRKKIKFFHL27CA,坡道平面,0,35.78
RPXNMLSKKIKFFHL37CA,坡道平面,1100000,23.17
RPOOMLSKKIKFFHL56CA,坡道平面,900000,23.17
RPPNMLRKKIKFFHL09CA,坡道平面,0,
RPWNMLSKKIKFFHL27CA,坡道平面,850000,19.97
RPPOMLSKKIKFFHL66CA,坡道平面,850000,19.97
RPROMLSKKIKFFHL86CA,坡道平面,800000,19.97
RPQOMLSKKIKFFHL76CA,坡道平面,0,19.97
RPSOMLSKKIKFFHL96CA,坡道平面,950000,23.17
RPTOMLSKKIKFFHL07CA,坡道平面,760000,23.17
RPUOMLSKKIKFFHL17CA,坡道平面,0,23.17
RPUSMLMLKIKFFAB97CA,坡道平面,0,
RPRRMLMLKIKFFAB57CA,坡道平面,0,
RPVNMLRKKIKFFAB97CA,坡道平面,0,
RPQPMLSKKIKFFHL86CA,坡道平面,950000,23.17
RPVOMLSKKIKFFHL27CA,坡道平面,900000,19.97
RPRPMLSKKIKFFHL96CA,坡道平面,0,23.17
RPOPMLSKKIKFFHL66CA,坡道平面,850000,23.17
RPWOMLSKKIKFFHL37CA,坡道平面,0,23.17
RPPPMLSKKIKFFHL76CA,坡道平面,850000,23.17
RPXOMLSKKIKFFHL47CA,坡道平面,0,23.17
RPSRMLNLKIKFFAB77CA,坡道平面,0,
RPUNMLSKKIKFFAB97CA,坡道平面,0,30.80
RPRNMLSKKIKFFAB67CA,坡道平面,0,
RPQNMLOLKIKFFAB27CA,坡道平面,0,30.09
RPWNMLNLKIKFFAB77CA,坡道平面,0,27.40
RPWNMLNLKIKFFAB77CA,坡道平面,0,27.40
RPWNMLNLKIKFFAB77CA,坡道平面,0,27.40
RPWNMLNLKIKFFAB77CA,坡道平面,0,27.40
RPPPMLKMKIKFFAB07CA,坡道平面,0,26.83
RPSPMLKMKIKFFAB37CA,坡道平面,0,26.84
RPUPMLKMKIKFFAB57CA,坡道平面,0,26.84
RPRQMLKMKIKFFAB37CA,坡道平面,0,26.84
RPOQMLKMKIKFFAB07CA,坡道平面,0,26.84
RPQPMLKMKIKFFAB17CA,坡道平面,0,23.16
RPTNMLQJJHLFFAB47CA,坡道機械,400000,13.80
RPOPMLOKJHLFFAB07CA,一樓平面,0,
RPOPMLOKJHLFFAB07CA,一樓平面,0,
RPSPMLSJJHLFFAB77CA,坡道機械,0,
RPSQMLSJJHLFFAB87CA,坡道平面,0,
RPRQMLNKJHLFFBB47CA,坡道平面,0,21.99
RPQPNLSJJHLFFBB77CA,坡道平面,0,
RPRSMLLMKIKFFBB77CA,坡道平面,0,19.75
RPUNMLNJJHLFFBB37CA,坡道平面,0,23.48
RPTNMLNJJHLFFBB27CA,坡道平面,0,23.48
RPVNMLNJJHLFFBB47CA,坡道平面,0,23.48
RPSNMLNJJHLFFBB17CA,坡道平面,0,23.48
RPRNMLNJJHLFFBB07CA,坡道平面,0,23.48
RPXNMLNJJHLFFBB67CA,坡道平面,0,23.48
RPWNMLNJJHLFFBB57CA,坡道平面,0,23.48
RPWNMLNJJHLFFBB57CA,坡道平面,0,23.48
RPPOMLNJJHLFFBB96CA,坡道平面,0,23.48
RPWPMLPJJHLFFBB97CA,坡道平面,1050000,34.73
RPUOMLNJJHLFFBB47CA,坡道平面,0,23.48
RPUOMLNJJHLFFBB47CA,坡道平面,0,23.48
RPQOMLNJJHLFFBB07CA,坡道平面,0,23.48
RPOQMLPJJHLFFBB27CA,坡道平面,1050000,34.73
RPRQMLPJJHLFFBB57CA,坡道平面,950000,34.73
RPTOMLNJJHLFFBB37CA,坡道平面,0,23.48
RPTOMLNJJHLFFBB37CA,坡道平面,0,23.48
RPROMLNJJHLFFBB17CA,坡道平面,0,23.48
RPROMLNJJHLFFBB17CA,坡道平面,0,23.48
RPUQMLPJJHLFFBB87CA,坡道平面,0,34.73
RPTPMLPJJHLFFBB67CA,坡道平面,1050000,34.73
RPSOMLNJJHLFFBB27CA,坡道平面,0,23.48
RPURMLPJJHLFFBB97CA,坡道平面,950000,34.73
RPTRMLPJJHLFFBB87CA,坡道平面,1050000,34.73
RPPRMLPJJHLFFBB47CA,坡道平面,950000,34.73
RPOSMLPJJHLFFBB47CA,坡道平面,0,34.73
RPOSMLPJJHLFFBB47CA,坡道平面,0,34.73
RPXNMLRJJHLFFBB08CA,坡道平面,0,23.59
RPXNMLRJJHLFFBB08CA,坡道平面,0,23.59
RPOOMLRJJHLFFBB27CA,坡道平面,0,23.59
RPOOMLRJJHLFFBB27CA,坡道平面,0,23.59
RPPOMLRJJHLFFBB37CA,坡道平面,1300000,23.59
RPTOMLRJJHLFFBB77CA,坡道平面,1300000,23.59
RPQOMLRJJHLFFBB47CA,坡道平面,1300000,23.59
RPROMLRJJHLFFBB57CA,坡道平面,0,23.59
RPROMLRJJHLFFBB57CA,坡道平面,0,23.59
RPVOMLRJJHLFFBB97CA,坡道平面,0,23.59
RPVOMLRJJHLFFBB97CA,坡道平面,0,23.59
RPSOMLRJJHLFFBB67CA,坡道平面,0,23.59
RPSOMLRJJHLFFBB67CA,坡道平面,0,23.59
RPUOMLRJJHLFFBB87CA,坡道平面,0,23.59
RPUOMLRJJHLFFBB87CA,坡道平面,0,23.59
RPSPMLRJJHLFFBB77CA,坡道平面,1250000,21.61
RPPPMLRJJHLFFBB47CA,坡道平面,1400000,23.59
RPWOMLRJJHLFFBB08CA,坡道平面,0,23.59
RPWOMLRJJHLFFBB08CA,坡道平面,0,23.59
RPXOMLRJJHLFFBB18CA,坡道平面,0,23.59
RPXOMLRJJHLFFBB18CA,坡道平面,0,23.59
RPQPMLRJJHLFFBB57CA,坡道平面,1400000,23.59
RPRQMLPLKIKFFBB87CA,坡道平面,760000,28.53
RPQOMLPLKIKFFBB57CA,坡道機械,0,13.57
RPQOMLPLKIKFFBB57CA,坡道機械,0,13.58
RPQVMLMLKIKFFBB97CA,坡道平面,1250000,20.86
RPWSMLNLKIKFFBB38CA,坡道機械,0,15.94
RPRVMLMLKIKFFBB08CA,坡道平面,1250000,22.46
RPSVMLMLKIKFFBB18CA,坡道平面,1250000,22.46
RPTVMLMLKIKFFBB28CA,坡道平面,1250000,22.46
RPVVMLMLKIKFFBB48CA,坡道機械,600000,14.44
RPWVMLMLKIKFFBB58CA,坡道平面,1200000,22.46
RPXVMLMLKIKFFBB68CA,坡道機械,600000,14.44
RPUVMLMLKIKFFBB38CA,坡道平面,1200000,22.46
RPOWMLMLKIKFFBB87CA,坡道機械,800000,14.44
RPTQMLMLKIKFFBB77CA,坡道平面,0,
RPWQMLRKKIKFFBB48CA,坡道機械,0,
RPQUMLSKKIKFFBB38CA,坡道機械,0,
RPTQMLLLKIKFFBB67CA,坡道平面,0,16.93
RPXSMLRKKIKFFBB78CA,坡道機械,0,
RPWTMLLLKIKFFCB38CA,坡道機械,0,6.86
RPVWMLPLKIKFFCB98CA,坡道機械,0,9.92
RPVNMLSLKIKFFCB38CA,坡道平面,0,
RPTUMLRKKIKFFCB68CA,坡道機械,0,
RPQPMLSKKIKFFCB97CA,坡道平面,0,
RPQPMLSKKIKFFCB97CA,坡道機械,0,
RPVQMLOKJHLFFCB08CA,坡道平面,0,
RPVQMLOKJHLFFCB08CA,坡道平面,0,
RPRSMLRKKIKFFCB28CA,坡道平面,0,
RPXQMLOKJHLFFCB28CA,坡道平面,0,
RPXQMLOKJHLFFCB28CA,坡道平面,0,
RPXQMLOKJHLFFCB28CA,坡道平面,0,
RPSOMLTKKIKFFCB18CA,坡道平面,0,43.91
RPUPMLLMKIKFFCB87CA,坡道平面,0,
RPSRMLOKJHLFFCB87CA,坡道平面,1250000,33.13
RPSRMLOKJHLFFCB87CA,坡道平面,1250000,33.13
RPWRMLOKJHLFFCB28CA,坡道平面,1150000,33.13
RPOSMLOKJHLFFCB57CA,坡道平面,0,33.13
RPOSMLOKJHLFFCB57CA,坡道平面,0,33.13
RPXRMLOKJHLFFCB38CA,坡道平面,1000000,33.13
RPXRMLOKJHLFFCB38CA,坡道平面,1000000,33.13
RPURMLOKJHLFFCB08CA,坡道平面,1250000,33.13
RPURMLOKJHLFFCB08CA,坡道平面,1250000,33.13
RPQSMLOKJHLFFCB77CA,坡道平面,1150000,33.13
RPQSMLOKJHLFFCB77CA,坡道平面,1150000,33.13
RPVOMLOKJHLFFCB87CA,坡道平面,0,
RPVOMLOKJHLFFCB87CA,坡道平面,0,
RPWOMLOKJHLFFCB97CA,坡道平面,0,
RPWOMLOKJHLFFCB97CA,坡道平面,0,
RPWOMLOKJHLFFCB97CA,坡道平面,0,
RPXOMLOKJHLFFCB08CA,坡道平面,0,
RPXOMLOKJHLFFCB08CA,坡道平面,0,
RPXOMLOKJHLFFCB08CA,坡道平面,0,
RPXOMLOKJHLFFCB08CA,坡道平面,0,
RPPPOLNKJHLFFCB47CA,坡道平面,0,
RPPPOLNKJHLFFCB47CA,坡道平面,0,
RPXOOLNKJHLFFCB18CA,坡道平面,0,
RPVOOLNKJHLFFCB97CA,坡道平面,1400000,26.98
RPVOOLNKJHLFFCB97CA,坡道平面,1400000,26.98
RPQVNLNKJHLFFCB08CA,坡道平面,0,
RPOVNLNKJHLFFCB87CA,坡道平面,0,
RPOVNLNKJHLFFCB87CA,坡道平面,0,
RPVUNLNKJHLFFCB48CA,坡道平面,0,
RPVUNLNKJHLFFCB48CA,坡道平面,0,
RPPVNLNKJHLFFCB97CA,坡道平面,0,
RPPVNLNKJHLFFCB97CA,坡道平面,0,
RPTSNLNKJHLFFCB08CA,坡道平面,0,
RPTSNLNKJHLFFCB08CA,坡道平面,0,
RPTUNLNKJHLFFCB28CA,坡道平面,0,
RPXUNLNKJHLFFCB68CA,坡道平面,0,
RPXUNLNKJHLFFCB68CA,坡道平面,0,
RPRVNLNKJHLFFCB18CA,坡道平面,0,
RPRVNLNKJHLFFCB18CA,坡道平面,0,
RPWVNLNKJHLFFCB68CA,坡道平面,0,
RPUWNLNKJHLFFCB58CA,坡道平面,0,
RPUWNLNKJHLFFCB58CA,坡道平面,0,
RPXVNLNKJHLFFCB78CA,坡道平面,0,
RPRWNLNKJHLFFCB28CA,坡道平面,0,
RPVWNLNKJHLFFCB68CA,坡道平面,0,
RPWWNLNKJHLFFCB78CA,坡道平面,0,
RPWWNLNKJHLFFCB78CA,坡道平面,0,
RPXWNLNKJHLFFCB88CA,坡道平面,0,
RPSWNLNKJHLFFCB38CA,坡道平面,0,
RPSNOLNKJHLFFCB57CA,坡道平面,0,
RPOWNLNKJHLFFCB97CA,坡道平面,0,
RPRNOLNKJHLFFCB47CA,坡道平面,1100000,26.98
RPTNOLNKJHLFFCB67CA,坡道平面,0,
RPUNOLNKJHLFFCB77CA,坡道平面,0,
RPSOOLNKJHLFFCB67CA,坡道平面,1100000,26.98
RPSOOLNKJHLFFCB67CA,坡道平面,1100000,26.98
RPPOOLNKJHLFFCB37CA,坡道平面,0,
RPWNOLNKJHLFFCB97CA,坡道平面,0,
RPXNOLNKJHLFFCB08CA,坡道平面,0,
RPUPNLNKJHLFFCB87CA,坡道平面,1100000,26.98
RPUPNLNKJHLFFCB87CA,坡道平面,1100000,26.98
RPXUMLNKJHLFFCB58CA,坡道平面,1200000,26.98
RPTPNLNKJHLFFCB77CA,坡道平面,1075000,26.98
RPTPNLNKJHLFFCB77CA,坡道平面,1075000,26.98
RPUONLNKJHLFFCB77CA,坡道平面,1100000,26.98
RPUONLNKJHLFFCB77CA,坡道平面,1100000,26.98
RPWONLNKJHLFFCB97CA,坡道平面,1175000,26.98
RPWONLNKJHLFFCB97CA,坡道平面,1175000,26.98
RPWPNLNKJHLFFCB08CA,坡道平面,1100000,26.98
RPWPNLNKJHLFFCB08CA,坡道平面,1100000,26.98
RPQPNLNKJHLFFCB47CA,坡道平面,1450000,26.98
RPQPNLNKJHLFFCB47CA,坡道平面,1450000,26.98
RPRPNLNKJHLFFCB57CA,坡道平面,1500000,26.98
RPRPNLNKJHLFFCB57CA,坡道平面,1500000,26.98
RPOPNLNKJHLFFCB27CA,坡道平面,1500000,26.98
RPOPNLNKJHLFFCB27CA,坡道平面,150000,26.98
RPSPNLNKJHLFFCB67CA,坡道平面,1500000,26.98
RPSPNLNKJHLFFCB67CA,坡道平面,1500000,26.98
RPPQNLNKJHLFFCB47CA,坡道平面,1200000,26.98
RPOQNLNKJHLFFCB37CA,坡道平面,1125000,26.98
RPOQNLNKJHLFFCB37CA,坡道平面,1125000,26.98
RPRQNLNKJHLFFCB67CA,坡道平面,1400000,26.98
RPTQNLNKJHLFFCB87CA,坡道平面,1400000,26.98
RPXPNLNKJHLFFCB18CA,坡道平面,1400000,26.98
RPXPNLNKJHLFFCB18CA,坡道平面,1400000,26.98
RPXQNLNKJHLFFCB28CA,坡道平面,1425000,26.98
RPXQNLNKJHLFFCB28CA,坡道平面,1425000,26.98
RPWSNLNKJHLFFCB38CA,坡道平面,0,
RPWSNLNKJHLFFCB38CA,坡道平面,0,
RPVQNLNKJHLFFCB08CA,坡道平面,1100000,26.98
RPVQNLNKJHLFFCB08CA,坡道平面,1100000,26.98
RPQRNLNKJHLFFCB67CA,坡道平面,1450000,26.98
RPQRNLNKJHLFFCB67CA,坡道平面,1450000,26.98
RPXRNLNKJHLFFCB38CA,坡道平面,0,
RPRVMLNKJHLFFCB08CA,坡道平面,1300000,26.98
RPQVMLNKJHLFFCB97CA,坡道平面,1400000,26.98
RPTVMLNKJHLFFCB28CA,坡道平面,1100000,26.98
RPSVMLNKJHLFFCB18CA,坡道平面,1300000,26.98
RPOWMLNKJHLFFCB87CA,坡道平面,1050000,26.98
RPSVMLNKJHLFFCB18CA,坡道平面,1300000,26.98
RPPWMLNKJHLFFCB97CA,坡道平面,1100000,26.98
RPVVMLNKJHLFFCB48CA,坡道平面,1250000,26.98
RPUVMLNKJHLFFCB38CA,坡道平面,1200000,26.98
RPUVMLNKJHLFFCB38CA,坡道平面,1200000,26.98
RPWVMLNKJHLFFCB58CA,坡道平面,1200000,26.98
RPWVMLNKJHLFFCB58CA,坡道平面,1200000,26.98
RPXVMLNKJHLFFCB68CA,坡道平面,1500000,26.98
RPXVMLNKJHLFFCB68CA,坡道平面,1500000,26.98
RPRWMLNKJHLFFCB18CA,坡道平面,1000000,26.98
RPUWMLNKJHLFFCB48CA,坡道平面,1100000,26.98
RPWWMLNKJHLFFCB68CA,坡道平面,1200000,26.98
RPVWMLNKJHLFFCB58CA,坡道平面,1300000,26.98
RPWRMLNKJHLFFCB18CA,坡道平面,1200000,26.98
RPOSMLNKJHLFFCB47CA,坡道平面,1400000,26.98
RPSWMLNKJHLFFCB28CA,坡道平面,950000,26.98
RPPUMLNKJHLFFCB77CA,坡道平面,1400000,26.98
RPPUMLNKJHLFFCB77CA,坡道平面,1400000,26.98
RPRUMLNKJHLFFCB97CA,坡道平面,1100000,26.98
RPTUMLNKJHLFFCB18CA,坡道平面,1200000,26.98
RPSUMLNKJHLFFCB08CA,坡道平面,1100000,26.98
RPUUMLNKJHLFFCB28CA,坡道平面,1200000,26.98
RPVUMLNKJHLFFCB38CA,坡道平面,1000000,26.98
RPXNNLNKJHLFFCB97CA,坡道平面,1100000,26.98
RPXNNLNKJHLFFCB97CA,坡道平面,1100000,26.98
RPVNNLNKJHLFFCB77CA,坡道平面,1100000,26.98
RPUNNLNKJHLFFCB67CA,坡道平面,1100000,26.98
RPUNNLNKJHLFFCB67CA,坡道平面,1100000,26.98
RPWNNLNKJHLFFCB87CA,坡道平面,1100000,26.98
RPWNNLNKJHLFFCB87CA,坡道平面,1100000,26.98
RPPONLNKJHLFFCB27CA,坡道平面,1400000,26.98
RPSNNLNKJHLFFCB47CA,坡道平面,1500000,26.98
RPSNNLNKJHLFFCB47CA,坡道平面,1500000,26.98
RPTNNLNKJHLFFCB57CA,坡道平面,1100000,26.98
RPTNNLNKJHLFFCB57CA,坡道平面,1100000,26.98
RPQONLNKJHLFFCB37CA,坡道平面,1100000,26.98
RPQONLNKJHLFFCB37CA,坡道平面,1100000,26.98
RPSONLNKJHLFFCB57CA,坡道平面,1400000,26.98
RPWNMLNKJHLFFCB77CA,坡道平面,1200000,26.98
RPWNMLNKJHLFFCB77CA,坡道平面,1200000,26.98
RPSOMLNKJHLFFCB47CA,坡道平面,1000000,26.98
RPSOMLNKJHLFFCB47CA,坡道平面,1000000,26.98
RPRNMLNKJHLFFCB27CA,坡道平面,1200000,26.98
RPVOMLNKJHLFFCB77CA,坡道平面,1200000,26.98
RPUNMLNKJHLFFCB57CA,坡道平面,1200000,26.98
RPQNMLNKJHLFFCB17CA,坡道平面,1200000,26.98
RPVNMLNKJHLFFCB67CA,坡道平面,1200000,26.98
RPVNMLNKJHLFFCB67CA,坡道平面,1200000,26.98
RPSNMLNKJHLFFCB37CA,坡道平面,1100000,26.98
RPSNMLNKJHLFFCB37CA,坡道平面,1100000,26.98
RPXNMLNKJHLFFCB87CA,坡道平面,1000000,26.98
RPXNMLNKJHLFFCB87CA,坡道平面,1000000,26.98
RPUOMLNKJHLFFCB67CA,坡道平面,1100000,26.98
RPWOMLNKJHLFFCB87CA,坡道平面,950000,26.98
RPWOMLNKJHLFFCB87CA,坡道平面,950000,26.98
RPPPMLNKJHLFFCB27CA,坡道平面,1075000,26.98
RPPPMLNKJHLFFCB27CA,坡道平面,1075000,26.98
RPTPMLNKJHLFFCB67CA,坡道平面,1200000,26.98
RPVPMLNKJHLFFCB87CA,坡道平面,1200000,26.98
RPQPMLNKJHLFFCB37CA,坡道平面,1100000,26.98
RPQPMLNKJHLFFCB37CA,坡道平面,1100000,26.98
RPSPMLNKJHLFFCB57CA,坡道平面,1300000,26.98
RPSPMLNKJHLFFCB57CA,坡道平面,1300000,26.98
RPOPMLNKJHLFFCB17CA,坡道平面,1475000,26.98
RPOPMLNKJHLFFCB17CA,坡道平面,1475000,26.98
RPQQMLNKJHLFFCB47CA,坡道平面,1200000,26.98
RPXOMLNKJHLFFCB97CA,坡道平面,1500000,26.98
RPXOMLNKJHLFFCB97CA,坡道平面,1500000,26.98
RPUQMLNKJHLFFCB87CA,坡道平面,1200000,26.98
RPVQMLNKJHLFFCB97CA,坡道平面,1200000,26.98
RPORMLNKJHLFFCB37CA,坡道平面,1100000,26.98
RPTTMLNKJHLFFCB08CA,坡道平面,1200000,26.98
RPPTMLNKJHLFFCB67CA,坡道平面,1200000,26.98
RPQTMLNKJHLFFCB77CA,坡道平面,1200000,26.98
RPWSMLNKJHLFFCB28CA,坡道平面,1500000,26.98
RPWSMLNKJHLFFCB28CA,坡道平面,1500000,26.98
RPOTMLNKJHLFFCB57CA,坡道平面,1200000,26.98
RPXTMLNKJHLFFCB48CA,坡道平面,1200000,26.98
RPUTMLNKJHLFFCB18CA,坡道平面,1200000,26.98
RPRTMLNKJHLFFCB87CA,坡道平面,1200000,26.98
RPOTMLSJJHLFFCB97CA,坡道平面,0,21.63
RPPTMLSJJHLFFCB08CA,坡道平面,0,21.63
RPPTMLSJJHLFFCB08CA,坡道平面,0,21.63
RPUSMLSJJHLFFCB48CA,坡道平面,0,21.63
RPRTMLSJJHLFFCB28CA,坡道平面,0,21.63
RPRTMLSJJHLFFCB28CA,坡道平面,0,21.63
RPTSMLSJJHLFFCB38CA,坡道平面,0,21.63
RPTSMLSJJHLFFCB38CA,坡道平面,0,21.63
RPRSMLSJJHLFFCB18CA,坡道平面,0,21.63
RPRSMLSJJHLFFCB18CA,坡道平面,0,21.63
RPQTMLSJJHLFFCB18CA,坡道平面,0,21.63
RPQTMLSJJHLFFCB18CA,坡道平面,0,21.63
RPVSMLSJJHLFFCB58CA,坡道平面,0,21.63
RPVSMLSJJHLFFCB58CA,坡道平面,0,21.63
RPWSMLSJJHLFFCB68CA,坡道平面,0,21.63
RPWSMLSJJHLFFCB68CA,坡道平面,0,21.63
RPPSMLSJJHLFFCB97CA,坡道平面,0,21.63
RPPSMLSJJHLFFCB97CA,坡道平面,0,21.63
RPRNMLTJJHLFFCB77CA,坡道平面,0,21.63
RPRNMLTJJHLFFCB77CA,坡道平面,0,21.63
RPTNMLTJJHLFFCB97CA,坡道平面,0,21.63
RPTNMLTJJHLFFCB97CA,坡道平面,0,21.63
RPSNMLTJJHLFFCB87CA,坡道平面,0,21.63
RPSNMLTJJHLFFCB87CA,坡道平面,0,21.63
RPWRMLSJJHLFFCB58CA,坡道平面,0,21.63
RPWRMLSJJHLFFCB58CA,坡道平面,0,21.63
RPVRMLSJJHLFFCB48CA,坡道平面,0,21.63
RPVRMLSJJHLFFCB48CA,坡道平面,0,21.63
RPSRMLSJJHLFFCB18CA,坡道平面,0,21.63
RPSRMLSJJHLFFCB18CA,坡道平面,0,21.63
RPVOMLSJJHLFFCB18CA,坡道平面,0,21.63
RPVOMLSJJHLFFCB18CA,坡道平面,0,21.63
RPUOMLSJJHLFFCB08CA,坡道平面,1400000,21.63
RPRRMLSJJHLFFCB08CA,坡道平面,0,21.63
RPRRMLSJJHLFFCB08CA,坡道平面,0,21.63
RPTRMLSJJHLFFCB28CA,坡道平面,0,21.63
RPTRMLSJJHLFFCB28CA,坡道平面,0,21.63
RPQOMLSJJHLFFCB67CA,坡道平面,0,21.63
RPQOMLSJJHLFFCB67CA,坡道平面,0,21.63
RPROMLSJJHLFFCB77CA,坡道平面,1400000,21.63
RPURMLSJJHLFFCB38CA,坡道平面,0,21.63
RPURMLSJJHLFFCB38CA,坡道平面,0,21.63
RPXRMLSJJHLFFCB68CA,坡道平面,0,21.63
RPVNMLSJJHLFFCB08CA,坡道平面,0,
RPXNMLSJJHLFFCB28CA,坡道平面,1400000,21.63
RPOOMLSJJHLFFCB47CA,坡道平面,0,21.63
RPUNMLSKKIKFFCL56CA,坡道機械,0,6.43
RPVNMLSKKIKFFCL66CA,坡道機械,0,6.43
RPVOMLSKKIKFFAL56CA,坡道平面,0,
RPVOMLSKKIKFFAL56CA,坡道平面,0,
RPPNMLPLKIKFFAL28CA,坡道平面,0,
RPVNMLMLKIKFFCL78CA,坡道平面,0,
RPVNMLMKJHLFFAL38CA,坡道平面,0,
RPWNMLSJJHLFFCB18CA,坡道平面,0,21.63
RPWNMLSJJHLFFCB18CA,坡道平面,0,21.63
RPUNMLTJJHLFFCB08CA,坡道平面,0,21.63
RPUNMLTJJHLFFCB08CA,坡道平面,0,21.63
RPVNMLTJJHLFFCB18CA,坡道平面,1060000,21.63
RPXNMLTJJHLFFCB38CA,坡道平面,0,21.63
RPOOMLTJJHLFFCB57CA,坡道平面,0,21.63
RPXNMLTJJHLFFCB38CA,坡道平面,0,21.63
RPOOMLTJJHLFFCB57CA,坡道平面,0,21.63
RPPOMLTJJHLFFCB67CA,坡道平面,1400000,21.63
RPWNMLTJJHLFFCB28CA,坡道平面,0,21.63
RPWNMLTJJHLFFCB28CA,坡道平面,0,21.63
RPWQMLOJJHLFFCB08CA,坡道機械,0,
RPQOMLTJJHLFFCB77CA,坡道平面,0,21.63
RPQOMLTJJHLFFCB77CA,坡道平面,0,21.63
RPXOMLTJJHLFFCB48CA,坡道平面,0,21.63
RPXOMLTJJHLFFCB48CA,坡道平面,0,21.63
RPSOMLTJJHLFFCB97CA,坡道平面,0,21.63
RPSOMLTJJHLFFCB97CA,坡道平面,0,21.63
RPTOMLTJJHLFFCB08CA,坡道平面,0,21.63
RPTOMLTJJHLFFCB08CA,坡道平面,0,21.63
RPROMLTJJHLFFCB87CA,坡道平面,0,21.63
RPROMLTJJHLFFCB87CA,坡道平面,0,21.63
RPUOMLTJJHLFFCB18CA,坡道平面,0,21.63
RPUOMLTJJHLFFCB18CA,坡道平面,0,21.63
RPVOMLTJJHLFFCB28CA,坡道平面,0,21.63
RPVOMLTJJHLFFCB28CA,坡道平面,0,21.63
RPWOMLTJJHLFFCB38CA,坡道平面,0,21.63
RPWOMLTJJHLFFCB38CA,坡道平面,0,21.63
RPOPMLTJJHLFFCB67CA,坡道平面,0,21.63
RPOPMLTJJHLFFCB67CA,坡道平面,0,21.63
RPSQOLNKJHLFFCB87CA,坡道平面,0,
RPSQOLNKJHLFFCB87CA,坡道平面,0,
RPSQMLSKKIKFFCB28CA,坡道機械,0,
RPVOMLLLKIKFFCB77CA,坡道機械,0,
RPTPMLLLKIKFFCB67CA,坡道平面,0,
RPWOMLKMKIKFFCB87CA,坡道平面,1100000,29.68
RPWONLTLKIKFFCB78CA,坡道機械,0,19.87
RPWONLTLKIKFFCB78CA,坡道平面,0,39.74
RPUOMLKMKIKFFCB67CA,升降機械,500000,16.64
RPUOMLKMKIKFFCB67CA,升降機械,500000,16.64
RPUSMLTLKIKFFCB88CA,坡道平面,0,
RPUSMLTLKIKFFCB88CA,坡道平面,0,
RPOPMLTLKIKFFCB97CA,坡道平面,0,
RPPPMLLLKIKFFCB27CA,坡道平面,0,15.03
RPPPMLLLKIKFFCB27CA,坡道平面,0,15.03
RPSOOLMLKIKFFCB77CA,坡道平面,0,
RPVQMLRKKIKFFBB38CA,坡道平面,0,28.67
RPVQMLRKKIKFFBB38CA,坡道平面,0,28.67
RPVQMLRKKIKFFBB38CA,坡道平面,0,28.67
RPUTMLSKKIKFFBB68CA,坡道平面,0,
RPQNMLMLKIKFFBB17CA,坡道機械,0,
RPQNMLMLKIKFFBB17CA,坡道機械,0,
RPQRMLSKKIKFFBB08CA,升降機械,400000,8.98
RPXSMLSKKIKFFBB88CA,坡道機械,0,
RPRNMLPLKIKFFCB67CA,坡道機械,0,12.77
RPUNMLMLKIKFFBB57CA,升降機械,0,19.32
RPQNNLOLKIKFFCB57CA,坡道平面,0,15.94
RPSRNLOLKIKFFCB18CA,其他,0,
RPXPMLOLKIKFFBB28CA,坡道平面,0,
RPXQMLOLKIKFFBB38CA,坡道平面,0,
RPRQMLSJJHLFFBB87CA,坡道平面,0,33.06
RPRQMLTLKIKFFBB28CA,坡道機械,0,
RPPONLSJJHLFFBB57CA,坡道機械,0,
RPXPMLSJJHLFFBB38CA,坡道平面,0,33.06
RPOOMLNJJHLFFBB86CA,坡道平面,0,23.48
RPWWMLSJJHLFFBB98CA,坡道平面,0,33.06
RPWWMLSJJHLFFBB98CA,坡道平面,0,33.06
RPUSMLOJJHLFFBB97CA,坡道平面,0,33.00
RPRNMLQJJHLFFBB37CA,坡道平面,0,19.42
RPOTMLKMKIKFFBB47CA,坡道平面,1200000,28.51
RPPTMLKMKIKFFBB57CA,坡道平面,1300000,28.51
RPWPMLKMKIKFFBB87CA,升降機械,0,
RPOPMLLMKIKFFBB17CA,坡道平面,1300000,28.51
SPOPMLLMKIKFFBB27CA,坡道平面,0,28.51
SPOPMLLMKIKFFBB27CA,坡道平面,0,28.51
RPUTMLKMKIKFFBB08CA,坡道平面,0,28.51
RPUTMLKMKIKFFBB08CA,坡道平面,0,28.51
RPRTMLKMKIKFFBB77CA,坡道平面,1200000,28.51
RPVTMLKMKIKFFBB18CA,坡道平面,1300000,28.51
RPSTMLKMKIKFFBB87CA,坡道平面,0,28.51
RPSTMLKMKIKFFBB87CA,坡道平面,0,26.44
RPQTMLKMKIKFFBB67CA,坡道平面,1200000,28.51
RPWTMLKMKIKFFBB28CA,坡道平面,1200000,28.51
RPTTMLKMKIKFFBB97CA,坡道平面,1300000,28.51
RPXTMLKMKIKFFBB38CA,坡道平面,1200000,28.51
RPPUMLKMKIKFFBB67CA,坡道平面,1300000,28.51
RPOUMLKMKIKFFBB57CA,坡道平面,1200000,28.51
RPRUMLKMKIKFFBB87CA,坡道平面,1200000,28.51
RPQUMLKMKIKFFBB77CA,坡道平面,1150000,26.44
RPSUMLKMKIKFFBB97CA,坡道平面,1300000,28.51
RPWUMLKMKIKFFBB38CA,坡道平面,850000,28.51
RPUUMLKMKIKFFBB18CA,坡道平面,1200000,28.51
RPTUMLKMKIKFFBB08CA,坡道平面,0,28.51
RPTUMLKMKIKFFBB08CA,坡道平面,0,28.51
RPVUMLKMKIKFFBB28CA,坡道平面,1200000,28.51
RPQVMLKMKIKFFBB87CA,坡道平面,1300000,28.51
RPXUMLKMKIKFFBB48CA,坡道平面,1300000,28.51
RPOVMLKMKIKFFBB67CA,坡道平面,1200000,28.51
RPPVMLKMKIKFFBB77CA,坡道平面,1300000,28.51
RPTVMLKMKIKFFBB18CA,坡道平面,960000,28.51
RPRVMLKMKIKFFBB97CA,坡道平面,1300000,28.51
RPUVMLKMKIKFFBB28CA,坡道平面,1200000,28.51
RPVVMLKMKIKFFBB38CA,坡道平面,1300000,28.51
RPSVMLKMKIKFFBB08CA,坡道平面,1300000,28.51
RPXVMLKMKIKFFBB58CA,坡道平面,1300000,28.51
RPPWMLKMKIKFFBB87CA,坡道平面,970000,28.51
RPWVMLKMKIKFFBB48CA,坡道平面,1200000,28.51
RPOWMLKMKIKFFBB77CA,坡道平面,1300000,28.51
RPQPMLLMKIKFFAB27CA,坡道平面,0,
RPTPMLLMKIKFFAB57CA,坡道平面,0,
RPSOMLQJJHLFFAB47CA,坡道平面,0,25.05
RPXPMLSLKIKFFAB58CA,坡道平面,0,19.05
RPOQMLPLKIKFFAB47CA,坡道平面,0,
RPPQMLPLKIKFFAB57CA,坡道機械,0,12.19
RPPQMLPLKIKFFAB57CA,坡道機械,0,12.19
RPQPMLPLKIKFFAB57CA,坡道平面,0,
RPQPMLOLKIKFFAB47CA,坡道平面,0,32.84
RPQPMLOLKIKFFAB47CA,坡道平面,0,32.84
RPQPMLOLKIKFFAB47CA,坡道機械,0,15.04
RPVOMLSLKIKFFAB28CA,坡道平面,0,33.41
RPTOMLMKJHLFFAB27CA,升降機械,0,
RPQRMLSKKIKFFAB97CA,升降平面,0,27.17
RPVRMLSKKIKFFAB48CA,坡道平面,0,
RPTOMLLLKIKFFAB37CA,坡道機械,0,
RPSPMLSKKIKFFHL07CA,坡道平面,0,23.17
RPSPMLSKKIKFFHL07CA,坡道平面,0,23.17
RPXPMLSKKIKFFHL57CA,坡道平面,850000,23.17
RPOQMLSKKIKFFHL76CA,坡道平面,0,23.17
RPOQMLSKKIKFFHL76CA,坡道平面,0,23.17
RPVPMLSKKIKFFHL37CA,坡道平面,1000000,19.97
RPWPMLSKKIKFFHL47CA,坡道平面,1100000,23.17
RPQQMLSKKIKFFHL96CA,坡道平面,950000,23.17
RPUPMLSKKIKFFHL27CA,坡道平面,0,23.17
RPRQMLSKKIKFFHL07CA,坡道平面,1330000,23.17
RPPQMLSKKIKFFHL86CA,坡道平面,900000,23.17
RPTPMLSKKIKFFHL17CA,坡道平面,950000,23.17
RPXQMLSKKIKFFHL67CA,坡道平面,850000,19.97
RPTQMLSKKIKFFHL27CA,坡道平面,0,23.17
RPSQMLSKKIKFFHL17CA,坡道平面,950000,23.17
RPUQMLSKKIKFFHL37CA,坡道平面,1100000,23.17
RPRRMLSKKIKFFHL17CA,坡道平面,0,23.17
RPQRMLSKKIKFFHL07CA,坡道平面,0,23.17
RPPRMLSKKIKFFHL96CA,坡道平面,850000,23.17
RPVQMLSKKIKFFHL47CA,坡道平面,0,23.17
RPWQMLSKKIKFFHL57CA,坡道平面,0,23.17
RPORMLSKKIKFFHL86CA,坡道平面,1020000,23.17
RPSRMLSKKIKFFHL27CA,坡道平面,950000,23.17
RPOSMLSKKIKFFHL96CA,坡道平面,900000,23.17
RPVRMLSKKIKFFHL57CA,坡道平面,950000,23.17
RPXRMLSKKIKFFHL77CA,坡道平面,900000,19.97
RPURMLSKKIKFFHL47CA,坡道平面,850000,23.17
RPQSMLSKKIKFFHL17CA,坡道平面,1000000,23.17
RPPSMLSKKIKFFHL07CA,坡道平面,1050000,23.17
RPTRMLSKKIKFFHL37CA,坡道平面,850000,23.17
RPUSMLSKKIKFFHL57CA,坡道平面,850000,23.17
RPWRMLSKKIKFFHL67CA,坡道平面,0,23.17
RPSUMLSKKIKFFHL57CA,坡道平面,0,23.17
RPTUMLSKKIKFFHL67CA,坡道平面,900000,23.17
RPVSMLSKKIKFFHL67CA,坡道平面,1100000,23.17
RPPTMLSKKIKFFHL17CA,坡道平面,920000,23.17
RPUUMLSKKIKFFHL77CA,坡道平面,850000,19.97
RPWSMLSKKIKFFHL77CA,坡道平面,1100000,23.17
RPRUMLSKKIKFFHL47CA,坡道平面,850000,19.97
RPXSMLSKKIKFFHL87CA,坡道平面,1100000,23.17
RPQTMLSKKIKFFHL27CA,坡道平面,0,23.17
RPSTMLSKKIKFFHL47CA,坡道平面,950000,23.17
RPRTMLSKKIKFFHL37CA,坡道平面,950000,23.17
RPUTMLSKKIKFFHL67CA,坡道平面,1000000,23.17
RPTTMLSKKIKFFHL57CA,坡道平面,1050000,19.97
RPVTMLSKKIKFFHL77CA,坡道平面,850000,23.17
RPWTMLSKKIKFFHL87CA,坡道平面,0,19.97
RPPUMLSKKIKFFHL27CA,坡道平面,1000000,23.17
RPXTMLSKKIKFFHL97CA,坡道平面,850000,23.17
RPOUMLSKKIKFFHL17CA,坡道平面,950000,23.17
RPSSMLSKKIKFFHL37CA,坡道平面,850000,23.17
RPTNMLSLKIKFFHL07CA,坡道平面,0,
RPSOMLSJJHLFFGL66CA,坡道平面,950000,33.09
RPRUMLLMKIKFFGL86CA,坡道平面,1100000,33.09
RPQNMLLMKIKFFGL68CA,坡道平面,1100000,33.09
RPRQMLLMKIKFFGL09CA,坡道平面,1150000,32.04
RPSQMLLMKIKFFGL56CA,坡道平面,1200000,32.04
RPPNMLLMKIKFFGL58CA,坡道平面,1300000,33.09
RPUQMLLMKIKFFGL76CA,坡道平面,1150000,32.04
RPTQMLLMKIKFFGL66CA,坡道平面,0,32.04
RPTQMLLMKIKFFGL66CA,坡道平面,0,32.04
RPQQMLLMKIKFFGL98CA,坡道平面,1150000,29.97
RPRNMLLMKIKFFGL78CA,坡道平面,1300000,33.09
RPRNMLLMKIKFFGL78CA,坡道平面,1300000,33.09
RPVQMLLMKIKFFGL86CA,坡道平面,1150000,32.04
RPWQMLLMKIKFFGL96CA,坡道平面,1200000,32.04
RPXQMLLMKIKFFGL07CA,坡道平面,1120000,29.97
RPPRMLLMKIKFFGL98CA,坡道平面,0,32.04
RPPRMLLMKIKFFGL98CA,坡道平面,0,29.97
RPRRMLLMKIKFFGL56CA,坡道平面,0,32.04
RPRRMLLMKIKFFGL56CA,坡道平面,0,32.04
RPWRMLLMKIKFFGL07CA,坡道平面,1150000,32.04
RPURMLLMKIKFFGL86CA,坡道平面,1200000,32.04
RPQRMLLMKIKFFGL09CA,坡道平面,1150000,32.04
RPTRMLLMKIKFFGL76CA,坡道平面,0,32.04
RPTRMLLMKIKFFGL76CA,坡道平面,0,32.04
RPVRMLLMKIKFFGL96CA,坡道平面,1150000,32.04
RPSRMLLMKIKFFGL66CA,坡道平面,1200000,32.04
RPOSMLLMKIKFFGL98CA,坡道平面,0,32.04
RPOSMLLMKIKFFGL98CA,坡道平面,0,32.04
RPXRMLLMKIKFFGL17CA,坡道平面,0,32.04
RPXRMLLMKIKFFGL17CA,坡道平面,0,32.04
RPSSMLLMKIKFFGL76CA,坡道平面,0,32.04
RPSSMLLMKIKFFGL76CA,坡道平面,0,32.04
RPQSMLLMKIKFFGL56CA,坡道平面,1150000,32.04
RPRSMLLMKIKFFGL66CA,坡道平面,1200000,32.04
RPTSMLLMKIKFFGL86CA,坡道平面,1200000,32.04
RPVSMLLMKIKFFGL07CA,坡道平面,1150000,32.04
RPXSMLLMKIKFFGL27CA,坡道平面,1200000,32.04
RPUSMLLMKIKFFGL96CA,坡道平面,1200000,32.04
RPWSMLLMKIKFFGL17CA,坡道平面,0,32.04
RPWSMLLMKIKFFGL17CA,坡道平面,0,32.04
RPPTMLLMKIKFFGL56CA,坡道平面,1200000,32.04
RPSTMLLMKIKFFGL86CA,坡道平面,1200000,32.04
RPRTMLLMKIKFFGL76CA,坡道平面,1120000,29.97
RPQTMLLMKIKFFGL66CA,坡道平面,1150000,29.97
RPOTMLLMKIKFFGL09CA,坡道平面,0,32.04
RPOTMLLMKIKFFGL09CA,坡道平面,0,32.04
RPVTMLLMKIKFFGL17CA,坡道平面,0,32.04
RPVTMLLMKIKFFGL17CA,坡道平面,0,32.04
RPUTMLLMKIKFFGL07CA,坡道平面,0,32.04
RPUTMLLMKIKFFGL07CA,坡道平面,0,32.04
RPRNMLTKKIKFFGL76CA,坡道平面,0,
RPRNMLTKKIKFFGL76CA,坡道平面,0,
RPSOMLKMKIKFFGL88CA,坡道平面,1300000,33.09
RPTQMLKMKIKFFGL56CA,坡道平面,1200000,33.09
RPVQMLKMKIKFFGL76CA,坡道平面,1000000,33.09
RPSPMLKMKIKFFGL98CA,坡道平面,1000000,33.09
RPUQMLKMKIKFFGL66CA,坡道平面,1000000,33.09
RPOQMLTLKIKFFGL86CA,坡道平面,0,32.14
RPTNMLKMKIKFFGL88CA,坡道平面,1100000,33.09
RPROMLKMKIKFFGL78CA,坡道平面,1000000,33.09
RPWQMLKMKIKFFGL86CA,坡道平面,1100000,33.09
RPXQMLKMKIKFFGL96CA,坡道平面,1200000,33.09
RPXQMLKMKIKFFGL96CA,坡道平面,1200000,33.09
RPORMLKMKIKFFGL78CA,坡道平面,1200000,33.09
RPORMLKMKIKFFGL78CA,坡道平面,1200000,33.09
RPUPMLKMKIKFFGL56CA,坡道平面,1300000,33.09
RPWPMLKMKIKFFGL76CA,坡道平面,1000000,33.09
RPXPMLKMKIKFFGL86CA,坡道平面,950000,33.09
RPOOMLLMKIKFFGL58CA,坡道平面,1150000,32.04
RPXNMLLMKIKFFGL76CA,坡道平面,0,32.04
RPXNMLLMKIKFFGL76CA,坡道平面,0,32.04
RPPOMLLMKIKFFGL68CA,坡道平面,1200000,32.04
SPPOMLLMKIKFFGL78CA,坡道平面,1150000,32.04
RPQOMLLMKIKFFGL78CA,坡道平面,1150000,32.04
RPTOMLLMKIKFFGL09CA,坡道平面,1200000,32.04
RPROMLLMKIKFFGL88CA,坡道平面,1150000,32.04
RPSOMLLMKIKFFGL98CA,坡道平面,0,32.04
RPSOMLLMKIKFFGL98CA,坡道平面,0,32.04
RPUOMLLMKIKFFGL56CA,坡道平面,1150000,32.04
RPVOMLLMKIKFFGL66CA,坡道平面,0,32.04
RPVOMLLMKIKFFGL66CA,坡道平面,0,29.97
RPWPMLLMKIKFFGL86CA,坡道平面,0,32.04
RPWPMLLMKIKFFGL86CA,坡道平面,0,32.04
RPPPMLLMKIKFFGL78CA,坡道平面,1150000,32.04
RPWOMLLMKIKFFGL76CA,坡道平面,1200000,32.04
RPXOMLLMKIKFFGL86CA,坡道平面,0,32.04
RPXOMLLMKIKFFGL86CA,坡道平面,0,32.04
RPTPMLLMKIKFFGL56CA,坡道平面,0,32.04
RPTPMLLMKIKFFGL56CA,坡道平面,0,32.04
RPSPMLLMKIKFFGL09CA,坡道平面,1200000,32.04
RPOPMLLMKIKFFGL68CA,坡道平面,1200000,32.04
RPQPMLLMKIKFFGL88CA,坡道平面,1150000,32.04
RPOPMLKLJHLFFGL38CA,坡道平面,0,32.04
RPOPMLKLJHLFFGL38CA,坡道平面,0,32.04
RPXOMLKLJHLFFGL56CA,坡道平面,1150000,32.04
RPXPMLLMKIKFFGL96CA,坡道平面,1200000,32.04
RPOQMLLMKIKFFGL78CA,坡道平面,1200000,32.04
RPTNMLPLKIKFFFL56CA,坡道平面,0,18.69
RPXNMLPLKIKFFFL96CA,一樓平面,0,15.04
RPTPMLOLKIKFFGL76CA,坡道機械,0,9.66
RPPNMLRJJHLFFFL68CA,坡道平面,1300000,31.13
RPRNMLRJJHLFFFL88CA,坡道機械,900000,15.82
RPPQMLLLKIKFFBB37DA,升降平面,0,
RPXRMLNLKIKFFBB48DA,坡道機械,0,
RPXRMLNLKIKFFBB48DA,坡道機械,0,
RPXOMLQLKHLFFHL37CA,坡道平面,0,
RPWOMLOJJHLFFFL56CA,坡道機械,0,
RPXOMLOJJHLFFFL66CA,坡道平面,0,
RPXNMLOLKIKFFFL86CA,坡道平面,0,28.79
RPPOMLPLKIKFFFL88CA,坡道機械,0,
RPWNMLOLKIKFFFL76CA,坡道平面,0,20.86
RPSNMLNLKIKFFGL98CA,坡道平面,0,26.41
RPWNMLPJJHLFFGL66CA,坡道機械,0,13.53
RPQNMLLMKIKFFHL78CA,坡道平面,800000,24.80
RPPNMLLMKIKFFHL68CA,坡道平面,1000000,26.46
RPSNMLLMKIKFFHL98CA,坡道平面,900000,26.46
RPRNMLLMKIKFFHL88CA,坡道平面,800000,24.80
RPTNMLLMKIKFFHL09CA,坡道平面,800000,24.80
RPUNMLLMKIKFFHL56CA,坡道平面,900000,26.46
RPWNMLLMKIKFFHL76CA,坡道平面,800000,24.80
RPVNMLLMKIKFFHL66CA,坡道平面,900000,26.46
RPXNMLLMKIKFFHL86CA,坡道平面,1000000,26.46
RPOTMLMLKIKFFAB47CA,坡道機械,0,
RPURMLSKKIKFFAB38CA,坡道機械,0,11.24
RPVNMLNLKIKFFAB67CA,坡道平面,0,
RPOOMLNLKIKFFAB07CA,坡道平面,1500000,24.76
RPOOMLNLKIKFFAB07CA,坡道平面,1500000,24.76
SPOOMLNLKIKFFAB17CA,坡道平面,1350000,24.76
SPOOMLNLKIKFFAB17CA,坡道平面,1350000,24.76
RPRNMLSLKIKFFAB77CA,坡道平面,0,
RPQOMLLMKIKFFAB17CA,坡道平面,0,
RPSRMLMKJHLFFBB57CA,坡道平面,0,
RPSRMLMKJHLFFBB57CA,坡道平面,0,
RPSNMLKMKIKFFBB27CA,坡道平面,0,
RPSNMLKMKIKFFBB27CA,坡道平面,0,
RPSNMLKMKIKFFBB27CA,坡道平面,0,
RPTNMLKMKIKFFBB37CA,坡道平面,0,
RPTNMLKMKIKFFBB37CA,坡道平面,0,
RPTNMLKMKIKFFBB37CA,坡道平面,0,
RPWWMLTLKIKFFBB76CA,升降機械,0,
RPTRMLPKJHLFFBB97CA,坡道機械,1150000,13.32
RPTRMLPKJHLFFBB97CA,坡道機械,0,13.32
RPORMLLMKIKFFBB37CA,坡道平面,0,
RPRRMLOJJHLFFBB57CA,其他,0,24.92
RPWSMLOKJHLFFBB28CA,坡道平面,1200000,26.64
RPTSMLOKJHLFFBB97CA,坡道平面,1150000,26.64
RPXSMLOKJHLFFBB38CA,坡道平面,1150000,26.64
RPPOMLMLKIKFFBB17CA,坡道平面,0,15.20
RPPOMLMLKIKFFBB17CA,坡道機械,0,7.94
RPPOMLPLKIKFFBB47CA,坡道機械,0,
RPWQMLPLKIKFFBB38CA,坡道平面,0,
RPVQMLLLKIKFFBB87CA,坡道平面,0,32.48
RPVQMLLLKIKFFBB87CA,坡道平面,0,32.48
RPUQNLOLKIKFFCB28CA,坡道平面,0,
RPUQNLOLKIKFFCB28CA,坡道平面,0,
RPUQNLOLKIKFFCB28CA,坡道平面,0,
RPTQNLOLKIKFFCB18CA,坡道平面,0,
RPSONLOLKIKFFCB87CA,坡道平面,0,
RPTUMLNLKIKFFCB38CA,坡道平面,0,
RPUUMLNLKIKFFCB48CA,坡道平面,0,
RPUUMLNLKIKFFCB48CA,坡道平面,0,
RPWONLLLKIKFFCB97CA,坡道平面,0,25.76
RPPTMLOLKIKFFCB97CA,坡道機械,0,
RPOPNLMLKIKFFCB37CA,坡道機械,0,
RPTSMLSLKIKFFCB68CA,坡道機械,0,
RPTRMLSLKIKFFCB58CA,坡道機械,0,14.60
RPWSMLTLKIKFFCB09CA,坡道平面,0,18.14
RPTWMLPLKIKFFCB78CA,坡道平面,0,21.71
RPSRMLKMKIKFFCB77CA,坡道平面,0,20.58
RPSRMLKMKIKFFCB77CA,坡道機械,0,9.40
RPSRMLKMKIKFFCB77CA,坡道機械,0,9.40
RPUOMLMLKIKFFCB77CA,坡道平面,0,24.92
RPWTMLSLKIKFFCB09CA,坡道平面,0,
RPQNNLLLKIKFFCB27CA,坡道平面,0,10.50
RPQNNLLLKIKFFCB27CA,坡道平面,0,10.50
RPWSMLPLKIKFFCB68CA,坡道平面,0,19.83
RPWSMLPLKIKFFCB68CA,坡道平面,0,19.83
RPUPMLPKJHLFFCB97CA,坡道平面,1750000,17.27
RPVPMLPKJHLFFCB08CA,坡道平面,0,12.09
RPVPMLPKJHLFFCB08CA,坡道平面,0,12.09
RPTPMLPKJHLFFCB87CA,坡道平面,1650000,17.27
RPSPMLPKJHLFFCB77CA,坡道平面,1650000,17.27
SPOQMLPKJHLFFCB57CA,坡道平面,1850000,17.27
SPOQMLPKJHLFFCB57CA,坡道平面,1850000,17.27
UPOQMLPKJHLFFCB77CA,坡道平面,1850000,17.27
UPOQMLPKJHLFFCB77CA,坡道平面,1850000,17.27
RPOQMLPKJHLFFCB47CA,坡道平面,1850000,17.27
RPOQMLPKJHLFFCB47CA,坡道平面,1850000,17.27
RPOQMLPKJHLFFCB47CA,坡道平面,1850000,17.27
TPOQMLPKJHLFFCB67CA,坡道平面,1850000,17.27
TPOQMLPKJHLFFCB67CA,坡道平面,1750000,14.76
TPOQMLPKJHLFFCB67CA,坡道平面,1750000,14.76
RPUSMLPLKIKFFCB48CA,坡道平面,0,19.83
RPUSMLPLKIKFFCB48CA,坡道平面,0,19.83
VPOQMLPKJHLFFCB87CA,坡道平面,1850000,17.27
VPOQMLPKJHLFFCB87CA,坡道平面,1850000,17.27
RPRQMLPKJHLFFCB77CA,坡道平面,1850000,17.27
RPRQMLPKJHLFFCB77CA,坡道平面,1850000,17.27
RPRQMLPKJHLFFCB77CA,坡道平面,1850000,17.27
RPRQMLPKJHLFFCB77CA,坡道平面,1850000,17.27
WPOQMLPKJHLFFCB97CA,坡道平面,1850000,17.27
WPOQMLPKJHLFFCB97CA,坡道平面,1850000,17.27
WPOQMLPKJHLFFCB97CA,坡道平面,1850000,17.27
SPRQMLPKJHLFFCB87CA,坡道平面,1750000,14.76
SPRQMLPKJHLFFCB87CA,坡道平面,1750000,14.76
RPPQMLPKJHLFFCB57CA,坡道平面,1100000,14.76
RPPQMLPKJHLFFCB57CA,坡道機械,750000,8.35
RPPQMLPKJHLFFCB57CA,坡道機械,650000,8.35
RPQSMLLKJHLFFCB47CA,升降機械,0,
RPXQMLLKJHLFFCB97CA,坡道平面,1000000,25.60
RPXQMLLKJHLFFCB97CA,坡道平面,1200000,26.82
RPUNMLLKJHLFFCB37CA,坡道平面,1200000,26.82
RPUNMLLKJHLFFCB37CA,坡道平面,1200000,26.82
RPRNMLLKJHLFFCB07CA,坡道平面,1200000,26.82
RPRNMLLKJHLFFCB07CA,坡道平面,1200000,26.82
RPSNMLLKJHLFFCB17CA,坡道平面,1000000,26.82
RPSNMLLKJHLFFCB17CA,坡道平面,1000000,26.82
RPPOMLLKJHLFFCB96CA,坡道平面,1300000,26.82
RPPOMLLKJHLFFCB96CA,坡道平面,1300000,26.82
RPOOMLLKJHLFFCB86CA,坡道平面,1200000,26.82
RPOOMLLKJHLFFCB86CA,坡道平面,1000000,25.60
RPXNMLLKJHLFFCB67CA,坡道平面,1200000,26.82
RPXNMLLKJHLFFCB67CA,坡道平面,1200000,26.82
RPTNMLLKJHLFFCB27CA,坡道平面,1300000,26.82
RPTNMLLKJHLFFCB27CA,坡道平面,1100000,25.60
RPWNMLLKJHLFFCB57CA,坡道平面,1200000,26.82
RPWNMLLKJHLFFCB57CA,坡道平面,1100000,25.60
RPROMLLKJHLFFCB17CA,坡道平面,1100000,25.60
RPROMLLKJHLFFCB17CA,坡道平面,1100000,25.60
RPTOMLLKJHLFFCB37CA,坡道平面,1100000,25.60
RPTOMLLKJHLFFCB37CA,坡道平面,1100000,25.60
RPPPMLLKJHLFFCB07CA,坡道平面,1300000,26.82
RPPPMLLKJHLFFCB07CA,坡道平面,1200000,25.60
RPUOMLLKJHLFFCB47CA,坡道平面,1200000,26.82
RPUOMLLKJHLFFCB47CA,坡道平面,1200000,26.82
RPWOMLLKJHLFFCB67CA,坡道平面,1300000,26.82
RPWOMLLKJHLFFCB67CA,坡道平面,1200000,25.60
RPQPMLLKJHLFFCB17CA,坡道平面,1600000,26.82
RPQPMLLKJHLFFCB17CA,坡道平面,1600000,26.82
RPRPMLLKJHLFFCB27CA,坡道平面,1200000,26.82
RPRPMLLKJHLFFCB27CA,坡道平面,1200000,26.82
RPRPMLLKJHLFFCB27CA,坡道平面,1200000,26.82
RPTPMLLKJHLFFCB47CA,坡道平面,1300000,26.82
RPTPMLLKJHLFFCB47CA,坡道平面,1300000,26.82
RPTPMLLKJHLFFCB47CA,坡道平面,1300000,26.82
RPVPMLLKJHLFFCB67CA,坡道平面,1300000,26.82
RPVPMLLKJHLFFCB67CA,坡道平面,1200000,25.60
RPXPMLLKJHLFFCB87CA,坡道平面,1300000,26.82
RPXPMLLKJHLFFCB87CA,坡道平面,1300000,26.82
RPXPMLLKJHLFFCB87CA,坡道平面,1300000,26.82
RPTQMLRJJHLFFCB08CA,坡道平面,0,
RPTQMLRJJHLFFCB08CA,坡道平面,0,
RPRRMLRJJHLFFCB97CA,坡道平面,0,
RPORMLMKJHLFFCB27CA,坡道平面,0,
RPPNMLNJJHLFFCB96CA,坡道平面,0,40.25
RPTNMLLJJHLFFCB17CA,坡道平面,0,41.89
RPSNMLLJJHLFFCB07CA,坡道平面,0,20.99
RPPOMLMLKIKFFAL08CA,坡道平面,0,
RPOOMLTLKIKFFHL76CA,坡道平面,0,
RPURMLOLKIKFFCB28CA,升降機械,0,
RPPOMLSLKIKFFHL76CA,坡道平面,0,
RPWOMLOJJHLFFHL76CA,坡道平面,0,
UPRNMLLLKIKFFHL09CA,坡道平面,930000,19.97
SPRNMLLLKIKFFHL88CA,坡道平面,0,23.17
SPRNMLLLKIKFFHL88CA,坡道平面,0,19.97
TPRNMLLLKIKFFHL98CA,坡道平面,0,23.17
TPRNMLLLKIKFFHL98CA,坡道平面,0,19.97
RPRNMLLLKIKFFHL78CA,坡道平面,970000,23.17
WPRNMLLLKIKFFHL66CA,坡道平面,930000,23.17
XPRNMLLLKIKFFHL76CA,坡道平面,950000,23.17
VPRNMLLLKIKFFHL56CA,坡道平面,930000,19.97
RPRNMLOLKIKFFHL09CA,升降機械,0,
RPQQMLNLKIKFFAB57DA,坡道機械,600000,11.60
RPTQMLPLKIKFFAB08DA,坡道平面,0,
RPQQMLOLKIKFFAB67DA,坡道平面,0,43.28
RPTPMLLKJHLFFHL98CA,坡道機械,0,
RPTOMLLKJHLFFHL88CA,坡道平面,0,
RPQOMLTKJHLFFCB97DA,坡道平面,0,
RPQOMLTKJHLFFCB97DA,坡道平面,0,
RPQOMLTKJHLFFCB97DA,坡道平面,0,
RPPOMLTKJHLFFCB87DA,坡道機械,0,
RPPOMLTKJHLFFCB87DA,坡道機械,0,
RPPPMLNKJHLFFHL78CA,坡道機械,0,
SPXNMLSJJHLFFGL17CA,坡道平面,0,32.04
SPXNMLSJJHLFFGL17CA,坡道平面,0,32.04
RPUNMLSJJHLFFGL76CA,坡道平面,1150000,32.04
RPWNMLSJJHLFFGL96CA,坡道平面,1200000,32.04
RPVNMLSJJHLFFGL86CA,坡道平面,1150000,29.97
RPTNMLSJJHLFFGL66CA,坡道平面,1150000,29.97
RPXNMLSJJHLFFGL07CA,坡道平面,0,32.04
RPXNMLSJJHLFFGL07CA,坡道平面,0,32.04
RPSNMLSJJHLFFGL56CA,坡道平面,0,29.97
RPSNMLSJJHLFFGL56CA,坡道平面,0,32.04
RPOOMLSJJHLFFGL88CA,坡道平面,0,32.04
RPOOMLSJJHLFFGL88CA,坡道平面,0,32.04
RPPOMLSJJHLFFGL98CA,坡道平面,1200000,32.04
RPROMLSJJHLFFGL56CA,坡道平面,1200000,32.04
RPQOMLSJJHLFFGL09CA,坡道平面,1150000,32.04
RPROMLLKJHLFFGL58CA,坡道平面,0,
RPPNMLSLKIKFFGL56CA,升降機械,0,
RPXOMLRJJHLFFGL07CA,坡道平面,1100000,40.72
RPWOMLRJJHLFFGL96CA,坡道平面,0,40.72
RPWOMLRJJHLFFGL96CA,坡道平面,0,40.72
RPPPMLRJJHLFFGL98CA,坡道平面,0,40.72
RPPPMLRJJHLFFGL98CA,坡道平面,0,40.72
RPVOMLRJJHLFFGL86CA,坡道平面,1150000,40.72
RPOPMLRJJHLFFGL88CA,坡道平面,0,40.72
RPOPMLRJJHLFFGL88CA,坡道平面,0,40.72
RPQPMLRJJHLFFGL09CA,坡道平面,1210000,40.72
RPRPMLOLKIKFFGL56CA,坡道機械,0,
RPUNMLPLKIKFFFL66CA,坡道平面,0,28.79
RPVNMLPLKIKFFFL76CA,坡道平面,0,27.04
RPPNMLSJJHLFFFL78CA,一樓平面,0,
RPWNMLPLKIKFFFL86CA,坡道平面,0,19.24
RPXUMLNLKIKFFCB78CA,坡道平面,0,
RPXONLOLKIKFFCB38CA,坡道平面,0,
RPSNNLOLKIKFFCB77CA,坡道機械,0,
RPPPMLNLKIKFFCB47CA,坡道平面,0,26.00
RPXNMLPJJHLFFFL66CA,一樓平面,0,
RPVNMLPJJHLFFFL09CA,一樓平面,0,
RPRQMLLMKIKFFCB67CA,坡道平面,1250000,33.78
RPURNLMLKIKFFCB18CA,坡道平面,0,23.14
RPURNLMLKIKFFCB18CA,坡道平面,0,23.14
RPURNLMLKIKFFCB18CA,坡道平面,0,23.14
RPURNLMLKIKFFCB18CA,坡道平面,0,23.14
RPPQMLLMKIKFFCB47CA,坡道平面,1250000,33.78
RPOQMLLMKIKFFCB37CA,坡道平面,1320000,33.78
RPXOMLPJJHLFFCB08CA,坡道平面,0,24.82
RPXOMLPJJHLFFCB08CA,坡道平面,0,24.82
RPOUMLSLKIKFFCB38CA,坡道機械,0,
RPVTMLLLKIKFFCB28CA,坡道平面,0,
RPPSMLOJJHLFFCB57CA,坡道機械,0,
RPXTMLLMKIKFFCB58CA,坡道平面,0,39.36
RPWTMLLMKIKFFCB48CA,升降機械,0,
RPTPMLMKJHLFFCB57CA,坡道平面,0,22.94
RPTPMLMKJHLFFCB57CA,坡道平面,0,22.94
RPSNMLNJJHLFFCB27CA,坡道平面,0,22.15
RPSNMLNJJHLFFCB27CA,坡道平面,0,22.15
RPSNMLNJJHLFFCB27CA,坡道平面,0,22.15
RPUPMLMKJHLFFCB67CA,坡道平面,0,21.37
RPUPMLMKJHLFFCB67CA,坡道平面,0,21.37
RPUPMLMKJHLFFCB67CA,坡道平面,0,21.37
RPWTMLLKJHLFFCB18CA,坡道機械,0,11.19
RPWTMLLKJHLFFCB18CA,坡道機械,0,11.19
RPSRNLNKJHLFFCB87CA,坡道平面,0,29.56
RPSRNLNKJHLFFCB87CA,坡道平面,0,29.56
RPSRMLMKJHLFFCB67CA,坡道平面,0,32.42
RPOSMLLKJHLFFCB27CA,坡道平面,0,22.94
RPOSMLLKJHLFFCB27CA,坡道平面,0,22.94
RPOSMLLKJHLFFCB27CA,坡道平面,0,22.94
RPOSMLLKJHLFFCB27CA,坡道機械,0,11.19
RPOSMLLKJHLFFCB27CA,坡道機械,0,11.19
RPOSMLLKJHLFFCB27CA,坡道機械,0,11.19
RPOSMLLKJHLFFCB27CA,坡道機械,0,11.19
RPUUMLLKJHLFFCB08CA,坡道機械,0,11.19
RPUUMLLKJHLFFCB08CA,坡道機械,0,11.19
RPTVMLLKJHLFFCB08CA,坡道平面,0,21.37
RPTVMLLKJHLFFCB08CA,坡道平面,0,21.37
RPWUMLLKJHLFFCB28CA,坡道平面,0,22.94
RPPSMLLKJHLFFCB37CA,坡道平面,0,21.37
RPPSMLLKJHLFFCB37CA,坡道機械,0,10.19
RPPSMLLKJHLFFCB37CA,坡道機械,0,10.19
RPPVMLLKJHLFFCB67CA,坡道機械,0,10.19
RPPVMLLKJHLFFCB67CA,坡道機械,0,10.19
RPVVMLLKJHLFFCB28CA,坡道平面,0,21.37
RPXUMLLKJHLFFCB38CA,坡道平面,0,21.37
RPOVMLLKJHLFFCB57CA,坡道平面,0,21.37
RPOVMLLKJHLFFCB57CA,坡道平面,0,21.37
RPWPMLPKJHLFFCB18CA,坡道平面,0,
RPUWMLLKJHLFFCB28CA,坡道平面,0,21.37
RPVWMLLKJHLFFCB38CA,坡道平面,0,21.37
RPSWMLLKJHLFFCB08CA,坡道平面,0,40.41
RPSWMLLKJHLFFCB08CA,坡道機械,0,20.20
RPTWMLLKJHLFFCB18CA,坡道平面,0,22.94
RPTWMLLKJHLFFCB18CA,坡道平面,0,22.94
RPQWMLLKJHLFFCB87CA,坡道平面,0,22.94
RPQWMLLKJHLFFCB87CA,坡道平面,0,22.94
RPWOMLPLKIKFFCL66CA,坡道機械,0,
RPPPMLPLKIKFFCL68CA,坡道機械,0,
RPUPMLPLKIKFFCL56CA,坡道機械,0,
RPOPMLPLKIKFFCL58CA,坡道機械,0,
RPVPMLPLKIKFFCL66CA,坡道機械,0,
RPOQMLPLKIKFFCL68CA,坡道機械,0,
RPWPMLPLKIKFFCL76CA,坡道機械,0,
RPQQMLPLKIKFFCL88CA,坡道機械,0,
RPRQMLPLKIKFFCL98CA,坡道機械,0,
RPTRMLLLKIKFFBB77CA,坡道平面,0,
RPWRMLMLKIKFFBB18CA,坡道平面,0,
RPROMLOLKIKFFBB57CA,坡道平面,0,27.20
RPVQMLOLKIKFFBB18CA,坡道機械,0,
RPRRMLNLKIKFFBB77CA,坡道平面,0,31.73
RPTSMLNLKIKFFBB08CA,一樓平面,0,
RPPSMLNLKIKFFBB67CA,升降機械,0,
RPQSMLLMKIKFFBB67CA,坡道平面,0,31.60
RPTPMLPLKIKFFBB97CA,坡道平面,0,
RPRPMLSLKIKFFBB08CA,坡道平面,0,22.45
RPWWMLPJJHLFFBB68CA,坡道平面,1150000,25.28
RPTNNLPJJHLFFBB57CA,坡道平面,1200000,25.28
RPTNNLPJJHLFFBB57CA,坡道平面,1200000,25.28
RPRNNLPJJHLFFBB37CA,坡道平面,1100000,25.28
RPQNNLPJJHLFFBB27CA,坡道平面,1100000,25.28
RPQNNLPJJHLFFBB27CA,坡道平面,1100000,25.28
RPPNNLPJJHLFFBB17CA,坡道平面,1100000,25.28
RPUSMLPJJHLFFBB08CA,坡道平面,1100000,25.28
RPONNLPJJHLFFBB07CA,坡道平面,1150000,25.28
RPTSMLPJJHLFFBB97CA,坡道平面,1100000,25.28
RPXWMLPJJHLFFBB78CA,坡道平面,1125000,25.28
RPXWMLPJJHLFFBB78CA,坡道平面,1125000,25.28
RPSNNLPJJHLFFBB47CA,坡道平面,1150000,25.28
RPSNNLPJJHLFFBB47CA,坡道平面,1150000,25.28
RPXOMLQJJHLFFBB08CA,坡道平面,0,
RPOSMLQJJHLFFBB57CA,坡道平面,0,
RPVQMLPJJHLFFBB97CA,坡道平面,1150000,25.28
RPVQMLPJJHLFFBB97CA,坡道平面,1150000,25.28
RPXPMLPJJHLFFBB08CA,坡道平面,1100000,25.28
RPXPMLPJJHLFFBB08CA,坡道平面,1100000,25.28
RPXQMLPJJHLFFBB18CA,坡道平面,1175000,25.28
RPXQMLPJJHLFFBB18CA,坡道平面,1175000,25.28
RPTQMLPJJHLFFBB77CA,坡道平面,1150000,25.28
RPTQMLPJJHLFFBB77CA,坡道平面,1150000,25.28
RPQQMLPJJHLFFBB47CA,坡道平面,1150000,25.28
RPPQMLPJJHLFFBB37CA,坡道平面,1050000,25.28
RPUPMLPJJHLFFBB77CA,坡道平面,1100000,25.28
RPVPMLPJJHLFFBB87CA,坡道平面,1100000,25.28
RPQRMLPJJHLFFBB57CA,坡道平面,1100000,25.28
RPSRMLPJJHLFFBB77CA,坡道平面,1150000,25.28
RPSRMLPJJHLFFBB77CA,坡道平面,1150000,25.28
RPWSMLPJJHLFFBB28CA,坡道平面,1150000,25.28
RPOTMLPJJHLFFBB57CA,坡道平面,1125000,25.28
RPOTMLPJJHLFFBB57CA,坡道平面,1125000,25.28
RPPTMLPJJHLFFBB67CA,坡道平面,1150000,25.28
RPPTMLPJJHLFFBB67CA,坡道平面,1150000,25.28
RPSTMLPJJHLFFBB97CA,坡道平面,1100000,25.28
RPSTMLPJJHLFFBB97CA,坡道平面,1100000,25.28
RPUTMLPJJHLFFBB18CA,坡道平面,925000,25.28
RPUTMLPJJHLFFBB18CA,坡道平面,925000,25.28
RPWTMLPJJHLFFBB38CA,坡道平面,1200000,25.28
RPWTMLPJJHLFFBB38CA,坡道平面,1200000,25.28
RPXSMLPJJHLFFBB38CA,坡道平面,1100000,25.28
RPRTMLPJJHLFFBB87CA,坡道平面,1075000,25.28
RPRTMLPJJHLFFBB87CA,坡道平面,1075000,25.28
RPQTMLPJJHLFFBB77CA,坡道平面,1100000,25.28
RPQTMLPJJHLFFBB77CA,坡道平面,1100000,25.28
RPOUMLPJJHLFFBB67CA,坡道平面,1200000,25.28
RPOUMLPJJHLFFBB67CA,坡道平面,1200000,25.28
RPTTMLPJJHLFFBB08CA,坡道平面,950000,25.28
RPRUMLPJJHLFFBB97CA,坡道平面,1100000,25.28
RPSUMLPJJHLFFBB08CA,坡道平面,1150000,25.28
RPSUMLPJJHLFFBB08CA,坡道平面,1150000,25.28
RPUVMLPJJHLFFBB38CA,坡道平面,1100000,25.28
RPWVMLPJJHLFFBB58CA,坡道平面,1150000,25.28
RPWVMLPJJHLFFBB58CA,坡道平面,1150000,25.28
RPPUMLPJJHLFFBB77CA,坡道平面,1100000,25.28
RPVVMLPJJHLFFBB48CA,坡道平面,1150000,25.28
RPVVMLPJJHLFFBB48CA,坡道平面,1150000,25.28
RPQUMLPJJHLFFBB87CA,坡道平面,1100000,25.28
RPXVMLPJJHLFFBB68CA,坡道平面,1100000,25.28
RPOWMLPJJHLFFBB87CA,坡道平面,1175000,25.28
RPOWMLPJJHLFFBB87CA,坡道平面,1175000,25.28
RPPWMLPJJHLFFBB97CA,坡道平面,1200000,25.28
RPPWMLPJJHLFFBB97CA,坡道平面,1200000,25.28
RPSWMLPJJHLFFBB28CA,坡道平面,1100000,25.28
RPTWMLPJJHLFFBB38CA,坡道平面,1200000,25.28
RPUWMLPJJHLFFBB48CA,坡道平面,1175000,25.28
RPUWMLPJJHLFFBB48CA,坡道平面,1175000,25.28
RPRQMLPKJHLFFBB67CA,坡道平面,0,42.99
RPSQMLPKJHLFFBB77CA,坡道平面,0,36.37
RPTQMLPKJHLFFBB87CA,坡道平面,0,42.99
RPTQMLSJJHLFFBB08CA,坡道機械,0,15.85
RPXPMLPKJHLFFBB18CA,坡道平面,0,42.99
RPWSMLRJJHLFFBB48CA,坡道平面,0,21.57
RPUQMLRJJHLFFBB08CA,坡道機械,0,
RPUQMLRJJHLFFBB08CA,坡道機械,0,
RPUQMLRJJHLFFBB08CA,坡道機械,0,
RPOQMLPKJHLFFBB37CA,坡道平面,0,42.99
RPROMLSJJHLFFBB67CA,坡道機械,0,
RPXOMLPKJHLFFBB08CA,坡道平面,0,42.99
RPPPMLPKJHLFFBB37CA,坡道平面,0,42.99
RPOPMLPKJHLFFBB27CA,坡道平面,0,42.99
RPTOMLPKJHLFFBB67CA,坡道平面,0,36.37
RPQPMLPKJHLFFBB47CA,坡道平面,0,42.99
RPRPMLPKJHLFFBB57CA,坡道平面,0,42.99
RPUOMLPKJHLFFBB77CA,坡道平面,0,42.99
RPTPMLPKJHLFFBB77CA,坡道平面,0,42.99
RPUPMLPKJHLFFBB87CA,坡道平面,0,36.37
RPWPMLOKJHLFFBB97CA,坡道平面,0,42.99
RPPQMLOKJHLFFBB37CA,坡道平面,0,42.99
RPOQMLOKJHLFFBB27CA,坡道平面,0,42.99
RPTQMLOKJHLFFBB77CA,坡道平面,0,36.37
RPUQMLOKJHLFFBB87CA,坡道平面,0,42.99
RPRRMLOKJHLFFBB67CA,坡道平面,0,42.99
RPVQMLOKJHLFFBB97CA,坡道平面,0,42.99
RPSRMLOKJHLFFBB77CA,坡道平面,0,36.37
RPRQMLOKJHLFFBB57CA,坡道平面,0,42.99
RPXQMLOKJHLFFBB18CA,坡道平面,0,42.99
RPXNMLTKJHLFFBB38CA,坡道平面,0,42.99
RPOOMLSKJHLFFBB47CA,坡道平面,0,42.99
RPWNMLSKJHLFFBB18CA,坡道平面,0,42.99
RPXNMLSKJHLFFBB28CA,坡道平面,0,42.99
RPPOMLSKJHLFFBB57CA,坡道平面,0,42.99
RPSNMLSKJHLFFBB77CA,坡道平面,0,42.99
RPTNMLSKJHLFFBB87CA,坡道平面,0,42.99
RPVNMLSKJHLFFBB08CA,坡道平面,0,42.99
RPRNMLSKJHLFFBB67CA,坡道平面,0,42.99
RPXOMLNKJHLFFBB87CA,坡道平面,0,42.99
RPQOMLNKJHLFFBB17CA,坡道平面,0,42.99
RPSOMLNKJHLFFBB37CA,坡道平面,0,42.99
RPVOMLNKJHLFFBB67CA,坡道平面,0,42.99
RPUOMLNKJHLFFBB57CA,坡道平面,0,42.99
RPQPMLOKJHLFFBB37CA,坡道平面,0,42.99
RPRPMLOKJHLFFBB47CA,坡道平面,0,42.99
RPSPMLOKJHLFFBB57CA,坡道平面,0,42.99
RPUPMLOKJHLFFBB77CA,坡道平面,0,42.99
RPPPMLOKJHLFFBB27CA,坡道平面,0,36.37
RPUOMLOKJHLFFBB67CA,坡道平面,0,42.99
RPVOMLOKJHLFFBB77CA,坡道平面,0,42.99
RPTPMLOKJHLFFBB67CA,坡道平面,0,36.37
RPXOMLOKJHLFFBB97CA,坡道平面,0,42.99
RPTNMLMKJHLFFBB27CA,坡道平面,0,
RPQNMLMKJHLFFAB86CA,坡道機械,0,
RPOQMLMKJHLFFAB96CA,坡道平面,0,
RPUNMLNKJHLFFAB37CA,坡道機械,0,
RPUNMLNKJHLFFAB37CA,坡道機械,0,
RPPPMLOJJHLFFAB07CA,坡道平面,0,30.00
RPXOMLOJJHLFFAB77CA,坡道機械,0,11.58
RPRQMLPLKIKFFAB77CA,升降平面,0,
RPSQMLPLKIKFFAB87CA,坡道機械,0,
RPPPMLTLKIKFFAB87CA,坡道平面,0,27.63
RPOOMLTLKIKFFAB67CA,坡道平面,0,
RPRPMLKMKIKFFAB27CA,坡道平面,0,
RPRPMLKMKIKFFAB27CA,坡道平面,0,
RPRNMLRLKIKFFAB67CA,坡道平面,0,36.26
RPSNMLRLKIKFFAB77CA,坡道平面,0,36.26
RPSNMLRLKIKFFAB77CA,坡道平面,0,36.26
RPXNMLRLKIKFFAB28CA,坡道平面,0,36.26
RPWNMLRLKIKFFAB18CA,坡道平面,0,36.26
RPOOMLRLKIKFFAB47CA,坡道平面,0,36.26
RPOOMLRLKIKFFAB47CA,坡道平面,0,36.26
RPTNMLRLKIKFFAB87CA,坡道平面,0,36.26
RPTNMLRLKIKFFAB87CA,坡道平面,0,36.26
RPVNMLRLKIKFFAB08CA,坡道平面,0,36.26
RPVNMLRLKIKFFAB08CA,坡道平面,0,36.26
RPQOMLRLKIKFFAB67CA,坡道平面,0,36.26
RPQOMLRLKIKFFAB67CA,坡道平面,0,36.26
RPSOMLRLKIKFFAB87CA,坡道平面,0,36.26
RPSOMLRLKIKFFAB87CA,坡道平面,0,36.26
RPPOMLRLKIKFFAB57CA,坡道平面,0,36.26
RPPOMLRLKIKFFAB57CA,坡道平面,0,36.26
RPUNMLRLKIKFFAB97CA,坡道平面,0,36.26
RPTOMLRLKIKFFAB97CA,坡道平面,0,36.26
RPTOMLRLKIKFFAB97CA,坡道平面,0,36.26
RPVOMLRLKIKFFAB18CA,坡道平面,0,36.26
RPVOMLRLKIKFFAB18CA,坡道平面,0,36.26
RPWOMLRLKIKFFAB28CA,坡道平面,0,36.26
RPWOMLRLKIKFFAB28CA,坡道平面,0,36.26
RPQPMLRLKIKFFAB77CA,坡道平面,0,36.26
RPQPMLRLKIKFFAB77CA,坡道平面,0,36.26
RPSPMLRLKIKFFAB97CA,坡道平面,0,36.26
RPSPMLRLKIKFFAB97CA,坡道平面,0,36.26
RPPPMLRLKIKFFAB67CA,坡道平面,0,36.26
RPPPMLRLKIKFFAB67CA,坡道平面,0,36.26
RPOPMLRLKIKFFAB57CA,坡道平面,0,36.26
RPOPMLRLKIKFFAB57CA,坡道平面,0,36.26
RPRPMLRLKIKFFAB87CA,坡道平面,0,36.26
RPUOMLRLKIKFFAB08CA,坡道平面,0,36.26
RPUOMLRLKIKFFAB08CA,坡道平面,0,36.26
RPXOMLRLKIKFFAB38CA,坡道平面,0,36.26
RPXOMLRLKIKFFAB38CA,坡道平面,0,36.26
RPUPMLRLKIKFFAB18CA,坡道平面,0,36.26
RPTPMLRLKIKFFAB08CA,坡道平面,0,36.26
RPTPMLRLKIKFFAB08CA,坡道平面,0,36.26
RPVNMLPLKIKFFAB87CA,坡道平面,0,26.58
RPWSMLMLKIKFFAB18CA,坡道平面,0,29.77
RPVPMLLLKIKFFAB67CA,坡道平面,1200000,25.00
RPTQMLOLKIKFFAB87CA,坡道平面,0,
RPQRMLOLKIKFFAB67CA,坡道平面,0,24.72
RPXNMLPJJHLFFAB77CA,升降機械,0,
RPSRMLPJJHLFFAB67CA,坡道平面,0,36.53
RPVNMLNKJHLFFAB47CA,坡道平面,1100000,38.02
RPWNMLNKJHLFFAB57CA,坡道平面,1050000,38.02
RPXNMLNKJHLFFAB67CA,坡道平面,1100000,38.02
RPQNMLPJJHLFFAB07CA,坡道機械,0,
RPOOMLNKJHLFFAB86CA,坡道平面,1000000,33.06
RPROMLNKJHLFFAB17CA,坡道平面,0,38.02
RPROMLNKJHLFFAB17CA,坡道平面,0,33.06
RPSOMLNKJHLFFAB27CA,坡道平面,1000000,33.06
RPPOMLNKJHLFFAB96CA,坡道平面,1100000,38.02
RPTOMLNKJHLFFAB37CA,坡道平面,1200000,38.02
RPSNMLNKJHLFFAB17CA,坡道平面,1050000,38.02
RPRNMLNKJHLFFAB07CA,坡道平面,1100000,38.02
RPPNMLNKJHLFFAB86CA,坡道平面,1000000,33.06
RPQNMLNKJHLFFAB96CA,坡道平面,1050000,38.02
RPRQMLMKJHLFFAB27CA,坡道平面,0,38.02
RPRQMLMKJHLFFAB27CA,坡道平面,0,38.02
RPPQMLMKJHLFFAB07CA,坡道平面,1050000,38.02
RPSQMLMKJHLFFAB37CA,坡道平面,1050000,33.06
RPVQMLMKJHLFFAB67CA,坡道平面,1050000,38.02
RPQQMLMKJHLFFAB17CA,坡道平面,0,38.02
RPQQMLMKJHLFFAB17CA,坡道平面,0,38.02
RPTPMLMKJHLFFAB37CA,坡道平面,1100000,38.02
RPTQMLMKJHLFFAB47CA,坡道平面,1000000,38.02
RPUPMLMKJHLFFAB47CA,坡道平面,1000000,33.06
RPSPMLMKJHLFFAB27CA,坡道平面,1100000,38.02
RPXPMLMKJHLFFAB77CA,坡道平面,1000000,33.06
RPWPMLMKJHLFFAB67CA,坡道平面,0,38.02
SPWPMLMKJHLFFAB77CA,坡道平面,1050000,38.02
RPVOMLNKJHLFFAB57CA,坡道平面,1100000,38.02
RPWOMLNKJHLFFAB67CA,坡道平面,1100000,38.02
RPSQMLNKJHLFFAB47CA,坡道平面,1100000,38.02
RPSPMLNKJHLFFAB37CA,坡道平面,1050000,38.02
RPTPMLNKJHLFFAB47CA,坡道平面,1050000,33.06
RPRQMLNKJHLFFAB37CA,坡道平面,1050000,38.02
RPUQMLNKJHLFFAB67CA,坡道平面,1000000,33.06
RPVQMLNKJHLFFAB77CA,坡道平面,1100000,38.02
RPUPMLNKJHLFFAB57CA,坡道平面,0,38.02
RPUPMLNKJHLFFAB57CA,坡道平面,0,38.02
RPWQMLNKJHLFFAB87CA,坡道平面,1250000,38.02
RPVPMLNKJHLFFAB67CA,坡道平面,1050000,38.02
RPTQMLNKJHLFFAB57CA,坡道平面,1050000,38.02
RPORMLNKJHLFFAB17CA,坡道平面,1050000,38.02
RPSRMLNKJHLFFAB57CA,坡道平面,1100000,38.02
RPQRMLNKJHLFFAB37CA,坡道平面,1050000,38.02
RPRRMLNKJHLFFAB47CA,坡道平面,1100000,38.02
RPURMLNKJHLFFAB77CA,坡道平面,1200000,38.02
RPVRMLNKJHLFFAB87CA,坡道平面,0,38.02
RPVRMLNKJHLFFAB87CA,坡道平面,0,38.02
RPWRMLNKJHLFFAB97CA,坡道平面,1100000,33.06
RPOSMLNKJHLFFAB27CA,坡道平面,1200000,38.02
RPXPMLNKJHLFFAB87CA,坡道平面,1050000,38.02
RPPPMLNKJHLFFAB07CA,坡道平面,1050000,38.02
RPOPMLNKJHLFFAB96CA,坡道平面,1100000,38.02
RPXQMLNKJHLFFAB97CA,坡道平面,1050000,38.02
RPXRMLNKJHLFFAB08CA,坡道平面,1100000,38.02
RPPQMLNKJHLFFAB17CA,坡道平面,1100000,38.02
RPSNMLRJJHLFFAB47CA,其他,0,
RPTRMLLKJHLFFBB57CA,坡道平面,0,22.91
RPXNMLRJJHLFFAB97CA,坡道機械,0,
RPPNMLPKJHLFFAB07CA,坡道平面,0,17.17
RPPOMLSJJHLFFAB37CA,升降機械,0,
RPUOMLSJJHLFFAB87CA,坡道平面,0,23.20
RPUSMLRJJHLFFBB28CA,坡道機械,0,
RPRSMLPJJHLFFBB77CA,坡道平面,0,22.61
RPVSMLPJJHLFFBB18CA,坡道平面,0,
RPTNMLLMKIKFFBB47CA,坡道平面,1200000,28.51
RPXNMLLMKIKFFBB87CA,坡道平面,1200000,28.51
RPVRMLKMKIKFFBB97CA,坡道平面,0,23.41
RPOSMLRJJHLFFBB67CA,坡道平面,0,
RPOSMLRJJHLFFBB67CA,坡道機械,0,
RPVNMLLMKIKFFBB67CA,坡道平面,1200000,28.51
RPUNMLLMKIKFFBB57CA,坡道平面,1200000,28.51
RPUSMLKMKIKFFBB97CA,坡道平面,0,
RPXPMLKMKIKFFBB97CA,坡道平面,0,
RPSPMLLMKIKFFBB57CA,坡道平面,1300000,28.51
RPUPMLSLKIKFFBB38CA,坡道平面,0,19.15
RPTNMLOJJHLFFBB37CA,坡道平面,0,19.99
RPTPMLSLKIKFFBB28CA,坡道平面,0,24.48
RPQQMLPLKIKFFBB77CA,坡道機械,0,
RPWQMLOLKIKFFBB28CA,坡道機械,0,
RPSRMLTLKIKFFBB48CA,坡道平面,0,22.45
RPSQMLOLKIKFFBB87CA,坡道平面,0,29.05
RPXOMLPLKIKFFBB28CA,升降機械,200000,6.33
RPXOMLPLKIKFFBB28CA,升降機械,200000,6.33
RPXOMLPLKIKFFBB28CA,升降機械,200000,6.33
RPWNMLPLKIKFFBB08CA,坡道機械,0,8.92
RPUNMLTLKIKFFBB28CA,坡道平面,0,
RPRSMLNLKIKFFBB87CA,坡道平面,0,33.58
RPSRMLNLKIKFFBB87CA,坡道機械,0,10.91
RPTRMLNLKIKFFBB97CA,坡道平面,0,
RPQPMLOJJHLFFCL38CA,坡道平面,0,
RPPPMLNLKIKFFCL48CA,升降平面,0,
RPROMLOLKIKFFAL48CA,坡道平面,0,
RPORMLOKJHLFFCB47CA,坡道平面,0,
RPORMLOKJHLFFCB47CA,坡道平面,0,
RPORMLOKJHLFFCB47CA,坡道平面,0,
RPSQMLTKJHLFFCB28CA,坡道機械,0,6.74
RPSQMLTKJHLFFCB28CA,坡道機械,0,6.74
RPSQMLTKJHLFFCB28CA,坡道機械,0,5.06
RPSQMLTKJHLFFCB28CA,坡道機械,0,5.06
RPSQMLTKJHLFFCB28CA,坡道機械,0,5.06
RPUQMLPKJHLFFCB08CA,坡道平面,0,29.45
RPUQMLPKJHLFFCB08CA,坡道平面,0,29.45
RPUQMLPKJHLFFCB08CA,坡道平面,0,29.45
RPUQMLPKJHLFFCB08CA,坡道平面,0,32.51
RPUQMLPKJHLFFCB08CA,坡道平面,0,32.51
RPWQMLPKJHLFFCB28CA,坡道平面,0,
RPWQMLPKJHLFFCB28CA,坡道平面,0,
RPUQMLTKJHLFFCB48CA,坡道機械,0,6.74
RPUQMLTKJHLFFCB48CA,坡道機械,0,5.06
RPQQMLTKJHLFFCB08CA,坡道機械,0,6.74
RPQQMLTKJHLFFCB08CA,坡道機械,0,6.74
RPQQMLTKJHLFFCB08CA,坡道機械,0,5.06
RPQQMLTKJHLFFCB08CA,坡道機械,0,5.06
RPQQMLTKJHLFFCB08CA,坡道機械,0,5.06
RPTQMLTKJHLFFCB38CA,坡道機械,0,6.74
RPTQMLTKJHLFFCB38CA,坡道機械,0,5.06
RPOQMLSKJHLFFCB77CA,坡道平面,0,19.49
RPOQMLSKJHLFFCB77CA,坡道平面,0,19.49
RPOQMLSKJHLFFCB77CA,坡道平面,0,19.49
RPOQMLSKJHLFFCB77CA,坡道平面,0,23.04
RPXPMLSKJHLFFCB58CA,坡道平面,0,23.04
RPXPMLSKJHLFFCB58CA,坡道平面,0,19.49
RPXPMLSKJHLFFCB58CA,坡道平面,0,19.49
RPXPMLSKJHLFFCB58CA,坡道平面,0,19.49
RPXQMLRLJHLFFCB68CA,坡道平面,0,22.90
RPVQMLLKJHLFFCB77CA,坡道平面,0,34.98
RPVQMLLKJHLFFCB77CA,坡道平面,0,34.98
RPTQMLLKJHLFFCB57CA,坡道平面,0,34.98
RPTQMLLKJHLFFCB57CA,坡道平面,0,34.98
RPOQMLLKJHLFFCB07CA,坡道平面,0,34.98
RPOQMLLKJHLFFCB07CA,坡道平面,0,34.98
RPRQMLLKJHLFFCB37CA,坡道平面,0,34.98
RPRQMLLKJHLFFCB37CA,坡道平面,0,34.98
RPWQMLLKJHLFFCB87CA,坡道平面,0,34.98
RPWQMLLKJHLFFCB87CA,坡道平面,0,34.98
RPXSMLLKJHLFFCB18CA,坡道平面,0,23.86
RPUQMLLKJHLFFCB67CA,坡道平面,0,34.98
RPUQMLLKJHLFFCB67CA,坡道平面,0,34.98
RPSTMLLKJHLFFCB77CA,坡道機械,0,14.11
RPORMLLKJHLFFCB17CA,坡道平面,0,34.98
RPORMLLKJHLFFCB17CA,坡道平面,0,34.98
RPSQMLLKJHLFFCB47CA,坡道平面,0,30.19
RPSQMLLKJHLFFCB47CA,坡道平面,0,30.19
RPPQMLLKJHLFFCB17CA,坡道平面,0,34.98
RPPQMLLKJHLFFCB17CA,坡道平面,0,30.19
RPUPMLLKJHLFFCB57CA,坡道平面,0,34.98
RPUPMLLKJHLFFCB57CA,坡道平面,0,34.98
RPWPMLLKJHLFFCB77CA,坡道平面,0,34.98
RPWPMLLKJHLFFCB77CA,坡道平面,0,34.98
RPVOMLLKJHLFFCB57CA,坡道平面,0,34.98
RPVOMLLKJHLFFCB57CA,坡道平面,0,34.98
RPSPMLLKJHLFFCB37CA,坡道平面,0,34.98
RPSPMLLKJHLFFCB37CA,坡道平面,0,34.98
RPOPMLLKJHLFFCB96CA,坡道平面,0,30.19
RPOPMLLKJHLFFCB96CA,坡道平面,0,30.19
RPSOMLLKJHLFFCB27CA,坡道平面,0,34.98
RPSOMLLKJHLFFCB27CA,坡道平面,0,34.98
RPQOMLLKJHLFFCB07CA,坡道平面,0,30.19
RPQOMLLKJHLFFCB07CA,坡道平面,0,30.19
RPTTMLSJJHLFFCB48CA,坡道平面,0,22.27
RPTUMLSJJHLFFCB58CA,坡道平面,0,
RPURNLNKJHLFFCB08CA,坡道平面,0,29.56
RPURNLNKJHLFFCB08CA,坡道平面,0,29.56
RPUQMLQJJHLFFCB08CA,坡道機械,780000,14747.41
RPUNMLLJJHLFFCB27CA,坡道平面,0,16.63
RPUNMLLJJHLFFCB27CA,坡道平面,0,16.63
RPWQMLRJJHLFFCB38CA,坡道機械,0,
RPPPMLPJJHLFFCB37CA,坡道平面,0,1.59
RPRQMLSJJHLFFCB97CA,坡道平面,0,34.98
RPRQMLSJJHLFFCB97CA,坡道平面,0,34.98
RPPUMLSLKIKFFCB48CA,坡道平面,0,
RPQNMLLMKIKFFCB27CA,坡道平面,0,
RPQNMLLMKIKFFCB27CA,坡道平面,0,
RPPQMLNLKIKFFCB57CA,坡道平面,0,36.88
RPRNMLPJJHLFFFL68CA,坡道機械,0,
RPOUMLMKJHLFFFL88CA,坡道機械,0,
RPVOMLSLKIKFFGL27CA,坡道平面,1250000,15.09
RPSSMLSLKIKFFGL37CA,坡道平面,0,
RPTSMLSLKIKFFGL47CA,坡道平面,0,
RPWPMLSLKIKFFGL47CA,坡道平面,1150000,15.09
RPQOMLSLKIKFFGL76CA,坡道平面,1150000,15.09
RPTNMLOJJHLFFGL88CA,坡道機械,0,
RPTNMLOJJHLFFGL88CA,坡道機械,0,
RPPNMLMJJHLFFHL38CA,坡道平面,0,
RPPPMLLMKIKFFHL88CA,坡道平面,0,
RPWPMLLMKIKFFHL96CA,坡道機械,0,
RPSPMLLMKIKFFHL56CA,坡道機械,0,
RPTPMLLMKIKFFHL66CA,坡道機械,0,
RPRPMLLMKIKFFHL09CA,坡道平面,0,
RPQPMLLMKIKFFHL98CA,坡道平面,0,
RPVPMLLMKIKFFHL86CA,坡道機械,0,
RPXPMLLMKIKFFHL07CA,坡道機械,0,
RPUPMLLMKIKFFHL76CA,坡道機械,0,
RPSQMLLMKIKFFHL66CA,坡道平面,0,
RPOQMLLMKIKFFHL88CA,坡道機械,0,
RPPQMLLMKIKFFHL98CA,坡道機械,0,
RPRQMLLMKIKFFHL56CA,坡道機械,0,
RPQQMLLMKIKFFHL09CA,坡道平面,0,
RPOPMLPLKIKFFHL09CA,坡道平面,0,
RPVNMLPLKIKFFHL96CA,坡道平面,0,
RPSOMLPLKIKFFHL76CA,升降機械,0,
RPRNMLPLKIKFFHL56CA,坡道平面,0,
RPTNMLSKJHLFFAL88DA,一樓平面,0,
RPXSMLNLKIKFFBB58DA,坡道平面,0,
RPVOMLRJJHLFFCB18DA,升降機械,0,
RPRNMLPKJHLFFBB47DA,坡道平面,0,
RPQPMLNKJHLFFHL88CA,坡道平面,0,
RPSNMLKMKIKFFHL88CA,升降機械,0,
RPUNMLSKJHLFFAL98DA,坡道機械,0,
RPPOMLNLKIKFFHL88CA,坡道機械,0,
RPUPMLOJJHLFFGL56CA,坡道平面,375000,29.09
RPTOMLQJJHLFFGL56CA,坡道平面,0,27.22
RPUOMLQJJHLFFGL66CA,坡道平面,0,
RPQPMLLKJHLFFGL58CA,坡道平面,0,31.39
RPTQMLSLKIKFFGL27CA,坡道平面,1250000,15.09
RPROMLSLKIKFFGL86CA,坡道平面,1000000,12.97
RPSOMLSLKIKFFGL96CA,坡道平面,1100000,15.09
RPTOMLSLKIKFFGL07CA,坡道平面,1100000,15.09
RPPQMLLMKIKFFGL88CA,坡道平面,0,
RPVNMLSLKIKFFGL17CA,坡道平面,1100000,12.97
RPWNMLSLKIKFFGL27CA,坡道平面,1100000,15.09
RPQPMLSLKIKFFGL86CA,坡道平面,1100000,15.09
RPPPMLSLKIKFFGL76CA,坡道平面,1150000,12.97
RPXOMLSLKIKFFGL47CA,坡道平面,1100000,15.09
RPVPMLKMKIKFFGL66CA,坡道平面,1250000,15.09
RPRPMLSLKIKFFGL96CA,坡道平面,1100000,15.09
RPSPMLSLKIKFFGL07CA,坡道平面,1000000,12.97
RPUPMLSLKIKFFGL27CA,坡道平面,1150000,15.09
RPTPMLSLKIKFFGL17CA,坡道平面,1150000,15.09
RPWNMLKMKIKFFFL09CA,坡道機械,0,15.98
RPPNMLPLKIKFFCB47CA,坡道平面,0,13.63
RPPNMLPLKIKFFCB47CA,坡道機械,0,6.94
RPTNMLSJJHLFFFL56CA,坡道機械,0,
RPWNNLOLKIKFFCB18CA,坡道平面,0,28.18
RPWNNLOLKIKFFCB18CA,坡道平面,0,29.77
RPOOMLOKJHLFFFL48CA,坡道機械,0,
RPXNNLOLKIKFFCB28CA,坡道平面,0,
RPPPNLOLKIKFFCB67CA,坡道平面,0,29.77
RPPPNLOLKIKFFCB67CA,坡道平面,0,28.18
RPPPNLOLKIKFFCB67CA,坡道平面,0,28.18
RPTONLOLKIKFFCB97CA,坡道平面,0,28.18
RPTONLOLKIKFFCB97CA,坡道平面,0,29.77
RPPTMLKMKIKFFCB67CA,坡道平面,0,
RPPTMLKMKIKFFCB67CA,坡道平面,0,
RPXQMLKMKIKFFCB18CA,坡道平面,0,
RPORMLKMKIKFFCB37CA,坡道平面,0,
RPORMLKMKIKFFCB37CA,坡道平面,0,
RPQNMLPLKIKFFCB57CA,坡道平面,0,15.11
RPQNMLPLKIKFFCB57CA,坡道平面,0,15.11
RPQNMLPLKIKFFCB57CA,坡道機械,0,6.94
RPQNMLPLKIKFFCB57CA,坡道機械,0,6.94
RPUOMLLMKIKFFCB77CA,坡道平面,0,40.26
RPSPNLTLKIKFFCB48CA,坡道平面,0,
RPUUMLTLKIKFFCB09CA,坡道平面,0,
RPTPMLKMKIKFFCB67CA,坡道平面,0,
RPPNMLRLKIKFFCB67CA,坡道機械,0,20.21
RPTNMLSLKIKFFCB18CA,坡道機械,0,10.79
RPQRMLSLKIKFFCB28CA,坡道機械,0,14.99
RPRQMLSLKIKFFCB28CA,坡道平面,0,
RPPUMLPLKIKFFCB18CA,坡道平面,0,
RPRSMLPLKIKFFCB18CA,坡道平面,0,
RPSUMLSLKIKFFCB78CA,坡道機械,0,
RPXNMLTLKIKFFCB68CA,坡道平面,0,
RPOOMLTLKIKFFCB87CA,坡道平面,0,
RPOOMLTLKIKFFCB87CA,坡道平面,0,
RPSTMLTLKIKFFCB78CA,坡道平面,0,29.94
RPSTMLTLKIKFFCB78CA,坡道平面,0,29.94
RPQTMLTLKIKFFCB58CA,坡道平面,0,29.94
RPQTMLTLKIKFFCB58CA,坡道平面,0,25.83
RPRQMLOJJHLFFCB57CA,坡道機械,0,16.40
RPUQMLOJJHLFFCB87CA,坡道平面,0,39.74
RPSQMLQJJHLFFCB87CA,升降機械,0,
RPORNLNKJHLFFCB47CA,坡道平面,0,
RPWQNLNKJHLFFCB18CA,坡道平面,1300000,26.98
RPQQNLNKJHLFFCB57CA,坡道平面,1400000,26.98
RPQQNLNKJHLFFCB57CA,坡道平面,1400000,26.98
RPXPMLRJJHLFFCB38CA,坡道平面,0,40.25
RPXONLNKJHLFFCB08CA,坡道平面,1300000,26.98
RPXONLNKJHLFFCB08CA,坡道平面,1300000,26.98
RPPPNLNKJHLFFCB37CA,坡道平面,1100000,26.98
RPPPNLNKJHLFFCB37CA,坡道平面,1100000,26.98
RPQPMLMKJHLFFCB27CA,坡道平面,0,
RPQPMLMKJHLFFCB27CA,坡道機械,0,
RPPVMLNKJHLFFCB87CA,坡道平面,1300000,26.98
RPOONLLKJHLFFCB96CA,坡道機械,0,
RPONNLNKJHLFFCB07CA,坡道平面,1300000,26.98
RPTONLNKJHLFFCB67CA,坡道平面,1400000,26.98
RPTONLNKJHLFFCB67CA,坡道平面,1400000,26.98
RPUSMLNKJHLFFCB08CA,坡道平面,1100000,26.98
RPSSMLNKJHLFFCB87CA,坡道平面,1200000,26.98
RPRSMLNKJHLFFCB77CA,坡道平面,1100000,26.98
RPOUMLNKJHLFFCB67CA,坡道平面,1050000,26.98
RPURMLMKJHLFFCB87CA,坡道平面,0,34.72
RPRPMLNKJHLFFCB47CA,坡道平面,1300000,26.98
RPRPMLNKJHLFFCB47CA,坡道平面,1300000,26.98
RPSNNLLKJHLFFCB27CA,坡道平面,0,12.95
RPOVMLSJJHLFFCB18CA,坡道平面,0,
RPTNMLPKJHLFFCB67CA,其他,0,
RPSQMLOKJHLFFCB77CA,升降機械,0,18.57
RPROMLKLJHLFFCB17CA,坡道平面,1650000,20.02
RPPOMLKLJHLFFCB96CA,坡道平面,1650000,20.02
RPPOMLKLJHLFFCB96CA,坡道平面,1650000,20.02
RPQPMLPKJHLFFCB57CA,坡道平面,0,37.80
RPWUNLNKJHLFFCB58CA,坡道平面,0,
RPWUNLNKJHLFFCB58CA,坡道平面,0,
RPTWNLNKJHLFFCB48CA,坡道平面,0,
RPTVNLNKJHLFFCB38CA,坡道平面,0,
RPSNMLMLJHLFFCB37CA,坡道平面,0,32.46
RPSNMLMLJHLFFCB37CA,坡道平面,0,32.46
RPTNMLMLJHLFFCB47CA,坡道平面,0,32.46
RPTNMLMLJHLFFCB47CA,坡道平面,0,32.46
RPVVNLNKJHLFFCB58CA,坡道平面,0,
RPVVNLNKJHLFFCB58CA,坡道平面,0,
RPUOOLNKJHLFFCB87CA,坡道平面,0,
RPOOOLNKJHLFFCB27CA,坡道平面,0,
RPPNMLSKJHLFFCB57CA,坡道平面,0,21.63
RPPNMLSKJHLFFCB57CA,坡道平面,0,21.63
RPUVNLNKJHLFFCB48CA,坡道平面,0,
RPUVNLNKJHLFFCB48CA,坡道平面,0,
RPWOOLNKJHLFFCB08CA,坡道平面,0,
RPQNOLNKJHLFFCB37CA,坡道平面,0,
RPUOMLRJJHLFFAL78CA,坡道機械,0,
RPPOMLOJJHLFFCL18CA,坡道平面,0,
RPRNMLRLKIKFFBB77CA,坡道平面,0,21.53
RPSNMLRLKIKFFBB87CA,坡道機械,0,12.38
RPTNMLRLKIKFFBB97CA,坡道平面,0,12.38
SPRNMLRLKIKFFBB87CA,坡道平面,0,21.53
RPVOMLSLKIKFFBB38CA,坡道平面,0,
RPXQMLTLKIKFFBB88CA,其他,0,
RPPQMLSLKIKFFBB97CA,坡道平面,0,27.23
RPXQMLSLKIKFFBB78CA,坡道平面,0,38.99
RPPPMLOJJHLFFBB17CA,一樓平面,0,
RPWNMLTLKIKFFBB48CA,坡道平面,0,
RPWNMLTLKIKFFBB48CA,坡道平面,0,
RPVOMLNJJHLFFBB57CA,坡道平面,0,23.48
RPVOMLNJJHLFFBB57CA,坡道平面,0,23.48
RPXRMLSLKIKFFBB88CA,一樓平面,0,
RPUPMLLMKIKFFBB77CA,坡道機械,0,7.28
RPWRMLKMKIKFFBB08CA,坡道平面,0,
RPWRMLKMKIKFFBB08CA,坡道平面,0,
RPWRMLKMKIKFFBB08CA,坡道平面,0,
RPTRMLQJJHLFFBB97CA,坡道機械,0,13.10
RPQRMLLMKIKFFBB57CA,升降機械,0,
RPVPMLLMKIKFFBB87CA,坡道機械,0,7.28
RPXTMLQJJHLFFBB58CA,坡道平面,0,32.52
RPPPMLPJJHLFFBB27CA,坡道機械,0,24.10
RPPPMLPJJHLFFBB27CA,坡道機械,0,24.10
RPTQMLRJJHLFFBB97CA,坡道平面,0,23.59
RPTQMLRJJHLFFBB97CA,坡道平面,0,23.59
SPXPMLRJJHLFFBB38CA,坡道平面,0,23.59
SPXPMLRJJHLFFBB38CA,坡道平面,0,23.59
RPSQMLRJJHLFFBB87CA,坡道平面,0,23.59
RPSQMLRJJHLFFBB87CA,坡道平面,0,23.59
RPSRMLRJJHLFFBB97CA,坡道平面,0,23.59
RPSRMLRJJHLFFBB97CA,坡道平面,0,23.59
RPVQMLRJJHLFFBB18CA,坡道平面,0,23.59
RPVQMLRJJHLFFBB18CA,坡道平面,0,23.59
RPXPMLRJJHLFFBB28CA,坡道平面,0,23.59
RPXPMLRJJHLFFBB28CA,坡道平面,0,23.59
RPPQMLRJJHLFFBB57CA,坡道平面,1400000,23.59
RPWPMLRJJHLFFBB18CA,坡道平面,1300000,23.59
RPQQMLRJJHLFFBB67CA,坡道平面,0,23.59
RPQQMLRJJHLFFBB67CA,坡道平面,0,23.59
RPTRMLRJJHLFFBB08CA,坡道平面,1400000,23.59
RPWQMLRJJHLFFBB28CA,坡道平面,0,23.59
RPWQMLRJJHLFFBB28CA,坡道平面,0,23.59
RPRRMLLKJHLFFBB37CA,坡道機械,0,17.96
RPRRMLLKJHLFFBB37CA,坡道機械,0,17.96
RPORMLRJJHLFFBB57CA,坡道平面,1250000,21.61
RPQRMLPKJHLFFBB67CA,坡道平面,0,20.00
RPQRMLPKJHLFFBB67CA,坡道平面,0,20.00
RPXQMLRJJHLFFBB38CA,坡道平面,1550000,23.59
RPQNMLMKJHLFFBB96CA,坡道機械,0,
RPPRMLRJJHLFFBB67CA,坡道平面,1400000,23.59
RPRNMLLKJHLFFBB96CA,坡道平面,0,23.59
RPRNMLLKJHLFFBB96CA,坡道平面,0,23.59
RPOTMLOKJHLFFBB57CA,坡道機械,720000,13.32
RPTOMLSJJHLFFAB77CA,坡道機械,0,
RPOPMLSJJHLFFAB37CA,坡道平面,0,
RPRNMLTJJHLFFAB57CA,坡道平面,1250000,33.00
RPOOMLTJJHLFFAB37CA,坡道平面,1250000,33.00
RPTNMLTJJHLFFAB77CA,坡道平面,1350000,33.00
RPSNMLTJJHLFFAB67CA,坡道平面,1250000,33.00
RPWNMLTJJHLFFAB08CA,坡道平面,1250000,33.00
RPXNMLTJJHLFFAB18CA,坡道平面,1250000,33.00
RPUNMLTJJHLFFAB87CA,坡道平面,1350000,33.00
RPPNMLTJJHLFFAB37CA,坡道平面,1350000,33.00
RPVNMLTJJHLFFAB97CA,坡道平面,1250000,33.00
RPPOMLTJJHLFFAB47CA,坡道平面,0,33.00
RPPOMLTJJHLFFAB47CA,坡道平面,0,33.00
RPROMLTJJHLFFAB67CA,坡道平面,1250000,33.00
RPUOMLTJJHLFFAB97CA,坡道平面,1250000,33.00
RPQOMLTJJHLFFAB57CA,坡道平面,1350000,33.00
RPSOMLTJJHLFFAB77CA,坡道平面,1250000,33.00
RPTOMLTJJHLFFAB87CA,坡道平面,1100000,33.00
RPVOMLTJJHLFFAB08CA,坡道平面,1250000,33.00
RPWOMLTJJHLFFAB18CA,坡道平面,1000000,33.00
RPXOMLTJJHLFFAB28CA,坡道平面,1250000,33.00
RPOPMLTJJHLFFAB47CA,坡道平面,1250000,33.00
RPRPMLTJJHLFFAB77CA,坡道平面,1150000,33.00
RPSPMLTJJHLFFAB87CA,坡道平面,1350000,33.00
SPSPMLTJJHLFFAB97CA,坡道平面,1350000,33.00
RPTPMLTJJHLFFAB97CA,坡道平面,1250000,33.00
RPQPMLTJJHLFFAB67CA,坡道平面,1200000,33.00
RPOQMLLKJHLFFAB86CA,升降機械,0,
SPPNMLLKJHLFFAB76CA,坡道平面,1100000,33.00
RPSNMLLKJHLFFAB96CA,坡道平面,1450000,33.00
RPUNMLLKJHLFFAB17CA,坡道平面,1350000,33.00
RPPNMLLKJHLFFAB66CA,坡道平面,1100000,33.00
RPTNMLLKJHLFFAB07CA,坡道平面,1350000,33.00
RPWNMLLKJHLFFAB37CA,坡道平面,1250000,33.00
RPVNMLLKJHLFFAB27CA,坡道平面,1350000,33.00
RPRNMLLKJHLFFAB86CA,坡道平面,1250000,33.00
RPQNMLLKJHLFFAB76CA,坡道平面,1150000,33.00
RPOOMLLKJHLFFAB66CA,坡道平面,1250000,33.00
RPXNMLLKJHLFFAB47CA,坡道平面,1250000,33.00
RPPOMLLKJHLFFAB76CA,坡道平面,1350000,33.00
RPSOMLLKJHLFFAB07CA,坡道平面,1250000,33.00
RPQOMLLKJHLFFAB86CA,坡道平面,1250000,33.00
RPROMLLKJHLFFAB96CA,坡道平面,1250000,33.00
RPTOMLLKJHLFFAB17CA,坡道平面,1350000,33.00
RPUOMLLKJHLFFAB27CA,坡道平面,1250000,33.00
RPVOMLLKJHLFFAB37CA,坡道平面,1250000,33.00
RPXOMLLKJHLFFAB57CA,坡道平面,1350000,33.00
RPOPMLLKJHLFFAB76CA,坡道平面,1350000,33.00
RPPPMLLKJHLFFAB86CA,坡道平面,1350000,33.00
RPQPMLLKJHLFFAB96CA,坡道平面,1250000,33.00
RPRPMLLKJHLFFAB07CA,坡道平面,1250000,33.00
RPRNMLPJJHLFFAB17CA,坡道平面,0,21.17
RPRNMLPJJHLFFAB17CA,坡道平面,0,21.17
RPRNMLPJJHLFFAB17CA,坡道平面,0,21.17
RPXRMLKMKIKFFAB08CA,坡道平面,0,26.84
RPXRMLKMKIKFFAB08CA,坡道平面,0,26.84
RPPSMLKMKIKFFAB37CA,坡道平面,0,23.16
RPQSMLKMKIKFFAB47CA,坡道平面,0,23.16
RPPNMLOJJHLFFAB86CA,坡道平面,0,
RPXPMLTLKIKFFAB68CA,坡道平面,0,22.50
RPVQMLKMKIKFFAB77CA,坡道平面,0,26.84
RPQNMLTLKIKFFAB77CA,坡道平面,0,13.33
RPUOMLSLKIKFFAB18CA,坡道平面,0,
RPSPMLPLKIKFFAB77CA,坡道平面,1200000,33.94
RPSNMLSLKIKFFAB87CA,坡道平面,0,12.90
RPWOMLSLKIKFFAB38CA,坡道平面,1500000,22.91
RPPRMLKMKIKFFAB27CA,坡道平面,0,26.84
RPXQMLOLKIKFFAB28CA,坡道平面,0,14.05
RPOOMLOJJHLFFAB86CA,坡道機械,0,
RPUNMLPJJHLFFAB47CA,坡道平面,0,
RPUNMLPJJHLFFAB47CA,坡道平面,0,
RPUOMLQJJHLFFAB67CA,坡道平面,0,
RPQQMLPJJHLFFAB37CA,坡道平面,0,29.69
SPRNMLQJJHLFFAB37CA,坡道平面,0,27.17
SPRNMLQJJHLFFAB37CA,坡道平面,0,31.20
UPRNMLQJJHLFFAB57CA,坡道平面,0,27.17
TPRNMLQJJHLFFAB47CA,坡道平面,0,31.20
TPRNMLQJJHLFFAB47CA,坡道平面,0,31.20
TPRNMLQJJHLFFAB47CA,坡道平面,0,31.20
RPRNMLQJJHLFFAB27CA,坡道平面,700000,27.17
VPRNMLQJJHLFFAB67CA,坡道平面,0,27.17
WPRNMLQJJHLFFAB77CA,坡道平面,0,27.17
RPURMLLKJHLFFAB57CA,坡道平面,0,
RPUNMLOKJHLFFAB47CA,坡道平面,0,
RPRQMLSJJHLFFAB77CA,坡道平面,0,14.99
RPOPMLPKJHLFFAB17CA,坡道機械,0,
RPROMLSJJHLFFAB57CA,坡道平面,0,23.83
RPQQMLKLJHLFFBB17CA,一樓平面,0,
RPOQMLKLJHLFFBB96CA,坡道機械,0,
RPXPMLLLJHLFFBB87CA,坡道平面,1350000,36.39
RPPRMLLLJHLFFBB27CA,坡道平面,1150000,27.21
RPORMLLLJHLFFBB17CA,坡道機械,0,
RPWQMLLLJHLFFBB87CA,坡道平面,1150000,27.21
RPRQMLLLJHLFFBB37CA,坡道平面,1350000,36.39
RPUPMLLLJHLFFBB57CA,坡道平面,1350000,36.39
RPQRMLLLJHLFFBB37CA,坡道平面,1350000,36.39
RPVPMLLLJHLFFBB67CA,坡道平面,1350000,36.39
RPWPMLLLJHLFFBB77CA,坡道平面,1350000,36.39
RPVQMLLLJHLFFBB77CA,坡道平面,1350000,36.39
RPXTMLSJJHLFFBB78CA,坡道平面,1150000,27.21
RPVPMLLKJHLFFBB57CA,坡道平面,1250000,22.46
RPWPMLLKJHLFFBB67CA,坡道平面,1250000,22.46
RPOQMLLKJHLFFBB96CA,坡道平面,1300000,22.46
RPWPNLSJJHLFFBB38CA,坡道機械,0,
RPXPNLSJJHLFFBB48CA,坡道平面,0,
RPPQMLLKJHLFFBB07CA,坡道平面,1200000,22.46
RPQQMLLKJHLFFBB17CA,坡道機械,800000,14.44
RPPPNLSJJHLFFBB67CA,坡道機械,0,
RPPRMLLKJHLFFBB17CA,坡道平面,1300000,22.46
RPTQMLLKJHLFFBB47CA,坡道機械,600000,14.44
RPSQMLLKJHLFFBB37CA,坡道機械,0,14.44
RPSQMLLKJHLFFBB37CA,坡道機械,0,14.44
RPUQMLLKJHLFFBB57CA,坡道機械,800000,14.44
RPPSMLLKJHLFFBB27CA,坡道機械,850000,14.44
RPXQMLLKJHLFFBB87CA,坡道平面,1150000,22.46
RPWQMLLKJHLFFBB77CA,坡道機械,600000,14.44
RPRQMLLKJHLFFBB27CA,坡道機械,600000,14.44
RPVQMLLKJHLFFBB67CA,坡道平面,1250000,22.46
RPQSMLTKJHLFFBB18CA,坡道機械,0,
RPXQMLTKJHLFFBB68CA,坡道平面,1350000,36.39
RPPRMLTKJHLFFBB97CA,坡道平面,1250000,36.39
RPQRMLTKJHLFFBB08CA,坡道平面,1350000,36.39
RPOSMLTKJHLFFBB97CA,坡道平面,1350000,36.39
RPURMLTKJHLFFBB48CA,坡道平面,1350000,36.39
RPRRMLTKJHLFFBB18CA,坡道平面,1350000,36.39
RPTQMLTKJHLFFBB28CA,坡道平面,1250000,36.39
RPVQMLTKJHLFFBB48CA,坡道平面,1250000,36.39
RPWQMLTKJHLFFBB58CA,坡道平面,1250000,36.39
RPSPMLTKJHLFFBB08CA,坡道平面,1250000,36.39
RPQPMLTKJHLFFBB87CA,坡道平面,1250000,36.39
RPVPMLTKJHLFFBB38CA,坡道平面,1250000,36.39
RPOQMLTKJHLFFBB77CA,坡道平面,1250000,36.39
RPUPMLTKJHLFFBB28CA,坡道平面,1350000,36.39
RPPPMLTKJHLFFBB77CA,坡道平面,1250000,36.39
RPXOMLTKJHLFFBB48CA,坡道平面,1250000,36.39
RPUOMLTKJHLFFBB18CA,坡道平面,1150000,27.21
RPWOMLTKJHLFFBB38CA,坡道平面,1250000,36.39
RPVOMLTKJHLFFBB28CA,坡道平面,1050000,27.21
RPXUMLSJJHLFFBB88CA,坡道平面,1350000,36.39
RPOVMLSJJHLFFBB08CA,坡道平面,1250000,27.21
RPUUMLSJJHLFFBB58CA,坡道平面,1250000,36.39
RPUVMLSJJHLFFBB68CA,坡道平面,1250000,36.39
RPWRMLSJJHLFFBB48CA,坡道平面,1150000,27.21
RPOSMLSJJHLFFBB77CA,坡道平面,1250000,36.39
RPSSMLSJJHLFFBB18CA,坡道平面,1350000,36.39
RPQSMLSJJHLFFBB97CA,坡道平面,1250000,36.39
RPRSMLSJJHLFFBB08CA,坡道平面,1250000,36.39
RPUSMLSJJHLFFBB38CA,坡道平面,1250000,36.39
RPRNNLSJJHLFFBB67CA,坡道平面,1250000,36.39
RPQNNLSJJHLFFBB57CA,坡道平面,1250000,36.39
RPOWMLSJJHLFFBB18CA,坡道平面,1350000,36.39
RPVSMLSJJHLFFBB48CA,坡道機械,0,
RPWVMLSJJHLFFBB88CA,坡道平面,1250000,36.39
RPQWMLSJJHLFFBB38CA,坡道平面,1250000,36.39
RPXWMLSJJHLFFBB09CA,坡道平面,1150000,27.21
RPXSMLSJJHLFFBB68CA,坡道平面,1250000,36.39
RPWSMLSJJHLFFBB58CA,坡道平面,1250000,36.39
RPPUMLSJJHLFFBB08CA,坡道平面,1250000,36.39
RPQUMLSJJHLFFBB18CA,坡道平面,1150000,27.21
RPORMLQJJHLFFBB47CA,坡道平面,1150000,25.28
RPUQMLQJJHLFFBB97CA,坡道平面,1150000,25.28
RPUQMLQJJHLFFBB97CA,坡道平面,1150000,25.28
RPTWMLSJJHLFFBB68CA,坡道平面,1350000,36.39
RPVQMLQJJHLFFBB08CA,坡道平面,1100000,25.28
RPTQMLQJJHLFFBB87CA,坡道平面,1200000,25.28
RPTQMLQJJHLFFBB87CA,坡道平面,1200000,25.28
RPWQMLQJJHLFFBB18CA,坡道平面,1200000,25.28
RPPQMLQJJHLFFBB47CA,坡道平面,1100000,25.28
RPOQMLQJJHLFFBB37CA,坡道平面,1200000,25.28
RPOQMLQJJHLFFBB37CA,坡道平面,1200000,25.28
RPQQMLQJJHLFFBB57CA,坡道平面,1100000,25.28
RPOPMLQJJHLFFBB27CA,坡道平面,0,
RPPPMLQJJHLFFBB37CA,坡道平面,0,34.61
RPQPMLQJJHLFFBB47CA,坡道平面,0,28.78
RPWPMLQJJHLFFBB08CA,坡道平面,1200000,25.28
RPVPMLQJJHLFFBB97CA,坡道平面,1150000,25.28
RPVPMLQJJHLFFBB97CA,坡道平面,1150000,25.28
RPPOMLKMKIKFFBB07CA,坡道機械,680000,5.01
RPTPMLQJJHLFFBB77CA,坡道平面,1150000,25.28
RPTPMLQJJHLFFBB77CA,坡道平面,1150000,25.28
RPVQMLLMKIKFFBB97CA,坡道機械,0,
RPWQMLOJJHLFFBB97CA,坡道平面,0,26.45
RPONNLKMKIKFFBB96CA,坡道機械,0,
RPXPMLSLKIKFFBB68CA,坡道平面,0,27.23
RPPRMLSLKIKFFBB08CA,坡道機械,0,
RPURMLTLKIKFFBB68CA,坡道平面,0,24.79
RPSOMLTLKIKFFBB18CA,坡道平面,0,
RPXPMLPLKIKFFBB38CA,升降機械,0,18.01
RPOQMLPLKIKFFBB57CA,升降機械,0,26.04
RPPQMLPLKIKFFBB67CA,坡道平面,0,
RPPNMLSKJHLFFCL58CA,坡道平面,0,
RPPNMLSKJHLFFCL58CA,坡道平面,0,
RPWOMLPLKIKFFAL09CA,坡道平面,0,
RPVPMLOKJHLFFCB97CA,坡道平面,0,28.90
RPVPMLOKJHLFFCB97CA,坡道平面,0,28.90
RPPOMLLLJHLFFCB07CA,坡道平面,1100000,26.98
RPOPOLNKJHLFFCB37CA,坡道機械,0,
RPQNMLSKJHLFFCB67CA,坡道平面,0,21.63
RPQNMLSKJHLFFCB67CA,坡道平面,0,21.63
RPOUMLSJJHLFFCB08CA,坡道平面,0,26.57
RPRTMLLKJHLFFCB67CA,坡道平面,0,33.08
RPOUMLLKJHLFFCB47CA,坡道平面,1300000,33.08
RPOUMLLKJHLFFCB47CA,坡道平面,1300000,33.08
SPTQMLSJJHLFFCB28CA,坡道平面,0,29.84
SPTQMLSJJHLFFCB28CA,坡道平面,0,29.84
SPTQMLSJJHLFFCB28CA,坡道平面,0,29.84
RPRQMLMKJHLFFCB47CA,坡道平面,0,29.84
RPRQMLMKJHLFFCB47CA,坡道平面,0,29.84
RPTQMLSJJHLFFCB18CA,坡道平面,0,29.84
RPTQMLSJJHLFFCB18CA,坡道平面,0,29.84
RPTQMLSJJHLFFCB18CA,坡道平面,0,29.84
RPVPMLRJJHLFFCB18CA,坡道平面,0,21.40
RPPWMLLKJHLFFCB77CA,坡道機械,0,
RPWNNLPJJHLFFCB97CA,坡道平面,0,22.27
RPXPMLOJJHLFFCB08CA,坡道平面,0,
RPXPMLOJJHLFFCB08CA,坡道機械,0,
RPXPMLOJJHLFFCB08CA,坡道機械,0,
RPTPMLSLKIKFFCB38CA,坡道平面,0,
RPOQMLMKJHLFFCB17CA,坡道平面,0,29.84
RPOQMLMKJHLFFCB17CA,坡道平面,0,29.84
RPOQMLMKJHLFFCB17CA,坡道平面,0,29.84
RPOQMLMKJHLFFCB17CA,坡道平面,0,29.84
RPROMLTLKIKFFCB18CA,坡道平面,0,26.52
RPROMLTLKIKFFCB18CA,坡道平面,0,26.52
RPQSMLOJJHLFFCB67CA,坡道機械,0,
RPOSMLOJJHLFFCB47CA,坡道平面,0,28.59
RPWRMLOJJHLFFCB18CA,坡道機械,0,14.60
RPXPMLSLKIKFFCB78CA,坡道平面,0,15.00
RPUTMLSLKIKFFCB88CA,坡道平面,0,
RPXTMLSLKIKFFCB56CA,坡道平面,1200000,15.00
RPXTMLSLKIKFFCB56CA,坡道機械,550000,8.50
RPXTMLSLKIKFFCB56CA,坡道機械,450000,8.50
RPXVMLPLKIKFFCB09CA,坡道機械,0,
RPXVMLPLKIKFFCB09CA,坡道機械,0,
RPSWMLPLKIKFFCB68CA,坡道平面,0,21.94
RPSWMLPLKIKFFCB68CA,坡道平面,0,21.94
RPVNMLQLKIKFFCB18CA,坡道平面,0,34.45
RPXNMLSLKIKFFCB58CA,升降平面,0,
RPRUMLTLKIKFFCB78CA,坡道機械,0,
RPQUMLTLKIKFFCB68CA,坡道平面,0,25.51
RPQUMLTLKIKFFCB68CA,坡道平面,0,25.51
RPUPMLKMKIKFFCB77CA,坡道平面,0,
RPSNMLKMKIKFFCB37CA,坡道平面,0,
RPSNMLKMKIKFFCB37CA,坡道平面,0,
RPWPMLLMKIKFFCB08CA,坡道平面,1200000,23.52
RPOSMLLMKIKFFCB57CA,坡道平面,0,
RPSQMLLMKIKFFCB77CA,坡道平面,1400000,33.78
RPTTMLKMKIKFFCB08CA,坡道平面,0,
RPTTMLKMKIKFFCB08CA,坡道平面,0,
RPROMLPLKIKFFCB77CA,坡道平面,0,31.14
RPROMLPLKIKFFCB77CA,坡道平面,0,31.14
RPQOMLPLKIKFFCB67CA,坡道平面,0,31.14
RPQOMLPLKIKFFCB67CA,坡道平面,0,31.14
RPQOMLPLKIKFFCB67CA,坡道平面,0,31.14
RPQOMLPLKIKFFCB67CA,坡道平面,0,31.14
RPQOMLPLKIKFFCB67CA,坡道平面,0,31.14
RPWQMLPLKIKFFCB48CA,坡道平面,0,
RPWQMLPLKIKFFCB48CA,坡道平面,0,
RPWQMLPLKIKFFCB48CA,坡道平面,0,
RPWQMLPLKIKFFCB48CA,坡道平面,0,
RPWQMLPLKIKFFCB48CA,坡道平面,0,
RPWQMLPLKIKFFCB48CA,坡道平面,0,
RPWQMLPLKIKFFCB48CA,坡道平面,0,
RPWQMLPLKIKFFCB48CA,坡道平面,0,
RPSNMLRJJHLFFFL98CA,坡道機械,0,
RPXNMLPLKIKFFGL07CA,坡道機械,0,7.11
RPVPMLSLKIKFFGL37CA,坡道平面,1100000,15.09
RPUNMLSLKIKFFGL07CA,坡道平面,0,24.11
RPXNMLSLKIKFFGL37CA,坡道平面,1100000,15.09
RPUOMLSLKIKFFGL17CA,坡道平面,1100000,15.09
RPOOMLSLKIKFFGL56CA,坡道平面,1100000,15.09
RPPOMLSLKIKFFGL66CA,坡道平面,1000000,12.97
RPWOMLSLKIKFFGL37CA,坡道平面,1150000,12.97
RPWTMLPJJHLFFGL27CA,坡道平面,0,
RPXNMLPJJHLFFGL76CA,坡道平面,1250000,33.09
RPOOMLPJJHLFFGL58CA,坡道平面,1200000,33.09
RPPOMLPJJHLFFGL68CA,坡道平面,1100000,33.09
RPUOMLPJJHLFFGL56CA,坡道平面,950000,33.09
RPROMLPJJHLFFGL88CA,坡道平面,1100000,33.09
RPSNMLPJJHLFFGL88CA,坡道平面,1000000,33.09
RPVOMLPJJHLFFGL66CA,坡道平面,1200000,33.09
RPOQMLOJJHLFFGL68CA,坡道平面,1200000,33.09
RPOQMLOJJHLFFGL68CA,坡道平面,1200000,33.09
RPSPMLOJJHLFFGL98CA,坡道平面,1150000,33.09
RPUQMLOJJHLFFGL66CA,坡道平面,1200000,33.09
RPVQMLOJJHLFFGL76CA,坡道平面,1000000,33.09
RPVPMLPJJHLFFGL76CA,坡道平面,1150000,33.09
RPPQMLOJJHLFFGL78CA,坡道平面,1075000,33.09
RPPQMLOJJHLFFGL78CA,坡道平面,1075000,33.09
RPSOMLOJJHLFFGL88CA,坡道平面,1100000,33.09
RPXNMLOJJHLFFGL66CA,坡道平面,1050000,33.09
RPROMLNKJHLFFGL78CA,坡道平面,0,
RPSOMLRJJHLFFGL56CA,坡道平面,1210000,40.72
RPWPMLKLJHLFFGL56CA,坡道機械,0,9.59
RPQOMLTLKIKFFHL96CA,坡道平面,0,
RPPOMLKKNHNFFIB28EA,坡道平面,0,27.48
RPVOMLSKJHLFFHL17CA,坡道平面,0,
RPQOMLSKJHLFFHL66CA,坡道平面,0,
RPQPMLSKJHLFFHL76CA,坡道機械,0,
RPUNMLTKJHLFFHL07CA,坡道平面,0,
RPXNMLMKJHLFFGL56CA,坡道平面,0,32.37
RPOPMLLKJHLFFGL38CA,坡道平面,0,32.37
RPTOMLRJJHLFFGL66CA,坡道平面,1210000,40.72
SPTOMLRJJHLFFGL76CA,坡道平面,1150000,40.72
RPWQMLTKJHLFFGL47CA,坡道平面,1200000,31.47
SPQNMLKLJHLFFCL18DA,坡道平面,0,
SPQNMLKLJHLFFCL18DA,坡道平面,0,
SPQNMLKLJHLFFCL18DA,坡道平面,0,
SPQNMLKLJHLFFCL18DA,坡道平面,0,
SPQNMLKLJHLFFCL18DA,坡道平面,0,
SPQNMLKLJHLFFCL18DA,坡道平面,0,
RPTPMLTLKIKFFGL27CA,坡道平面,0,
RPRNMLKMJHLFFHL68CA,坡道平面,0,
RPPSMLKMKIKFFCB57CA,坡道平面,0,
RPPSMLKMKIKFFCB57CA,坡道平面,0,
RPPPMLLMKIKFFCB37CA,坡道機械,0,
RPSVMLTLKIKFFCB98CA,坡道平面,0,23.35
RPOVMLTLKIKFFCB58CA,升降機械,0,
RPXUMLTLKIKFFCB76CA,坡道平面,0,41.36
RPROMLSLKIKFFCB08CA,坡道平面,0,
RPROMLSLKIKFFCB08CA,坡道平面,0,
RPSNMLKLJHLFFFL48CA,坡道平面,0,
RPUNMLLLJHLFFFL78CA,坡道平面,0,30.20
RPRNMLLLJHLFFFL48CA,坡道平面,1350000,30.32
RPXRMLSLKIKFFCB98CA,坡道機械,0,11.52
RPRTMLTLKIKFFCB68CA,坡道機械,0,2.96
RPSQMLTLKIKFFCB48CA,坡道機械,0,
RPPUMLLMKIKFFCB87CA,坡道平面,0,14.43
RPSPMLOJJHLFFCB57CA,坡道機械,0,
RPSPMLOJJHLFFCB57CA,坡道機械,0,
RPTTMLLMKIKFFCB18CA,坡道平面,0,19.00
RPTTMLLMKIKFFCB18CA,坡道平面,0,20.58
RPSTMLLMKIKFFCB08CA,坡道平面,0,20.58
RPSTMLLMKIKFFCB08CA,坡道平面,0,20.58
RPSSMLOJJHLFFCB87CA,坡道平面,0,22.27
RPTNNLPJJHLFFCB67CA,坡道平面,0,23.35
RPVOMLQJJHLFFCB97CA,坡道平面,0,32.11
RPVPMLQJJHLFFCB08CA,坡道平面,0,13.49
RPVQMLMKJHLFFCB87CA,坡道平面,0,
RPVQMLMKJHLFFCB87CA,坡道平面,0,
RPVQMLMKJHLFFCB87CA,坡道平面,0,
SPVQMLSJJHLFFCB48CA,坡道平面,0,29.84
SPVQMLSJJHLFFCB48CA,坡道平面,0,29.84
SPVQMLSJJHLFFCB48CA,坡道平面,0,29.84
RPVQMLSJJHLFFCB38CA,坡道平面,0,29.84
RPVQMLSJJHLFFCB38CA,坡道平面,0,29.84
RPVQMLSJJHLFFCB38CA,坡道平面,0,29.84
RPQSNLNKJHLFFCB77CA,坡道平面,0,33.13
RPQOMLMKJHLFFCB17CA,坡道平面,850000,33.13
RPWNMLMKJHLFFCB67CA,坡道平面,800000,33.13
RPWNMLMKJHLFFCB67CA,坡道平面,800000,33.13
RPQNMLMKJHLFFCB07CA,坡道平面,1000000,33.13
RPPOMLMKJHLFFCB07CA,坡道平面,1450000,33.13
RPOOMLMKJHLFFCB96CA,坡道平面,850000,33.13
RPRNMLMKJHLFFCB17CA,坡道平面,850000,33.13
RPVNMLMKJHLFFCB57CA,坡道平面,0,33.13
RPVNMLMKJHLFFCB57CA,坡道平面,0,33.13
RPUNMLMKJHLFFCB47CA,坡道平面,1250000,33.13
RPUNMLMKJHLFFCB47CA,坡道平面,1200000,33.13
RPTNMLMKJHLFFCB37CA,坡道平面,1250000,33.13
RPTNMLPLJHLFFCB77CA,坡道平面,1500000,28.76
RPTNMLPLJHLFFCB77CA,坡道平面,1500000,28.76
RPTOMLMKJHLFFCB47CA,坡道平面,1000000,33.13
RPTOMLMKJHLFFCB47CA,坡道平面,1000000,33.13
RPSOMLMKJHLFFCB37CA,坡道平面,950000,33.13
RPSOMLMKJHLFFCB37CA,坡道平面,950000,33.13
SPVOMLMKJHLFFCB77CA,坡道平面,1000000,33.13
SPVOMLMKJHLFFCB77CA,坡道平面,1000000,33.13
RPUOMLMKJHLFFCB57CA,坡道平面,1150000,33.13
RPUOMLMKJHLFFCB57CA,坡道平面,1150000,33.13
RPVOMLMKJHLFFCB67CA,坡道平面,1150000,33.13
RPVOMLMKJHLFFCB67CA,坡道平面,1150000,33.13
RPQSMLMLJHLFFCB67CA,坡道平面,0,
RPUTMLMLJHLFFCB18CA,坡道平面,0,
RPRSMLMLJHLFFCB77CA,坡道平面,0,
RPUSMLMLJHLFFCB08CA,坡道平面,0,
RPVSMLMLJHLFFCB18CA,坡道平面,0,
RPXQMLKLJHLFFCB97CA,坡道平面,0,19.82
RPVNMLMLJHLFFCB67CA,坡道平面,0,32.46
RPVNMLMLJHLFFCB67CA,坡道平面,0,32.46
RPPOMLNKJHLFFCL18CA,坡道平面,0,
RPORMLSLKIKFFCL09CA,坡道平面,0,
RPWPMLPLKIKFFBB28CA,坡道平面,0,
RPOSMLSLKIKFFBB08CA,坡道機械,0,
RPRTMLTLKIKFFBB58CA,坡道機械,0,
RPOONLTLKIKFFBB87CA,坡道機械,0,
RPTRMLKMKIKFFBB77CA,坡道平面,0,
RPRNMLLMKIKFFBB27CA,坡道平面,0,13.61
RPOPNLSJJHLFFBB57CA,坡道平面,0,
RPOPNLSJJHLFFBB57CA,坡道平面,0,
RPSPMLQJJHLFFBB67CA,坡道機械,0,14.28
RPXTMLPJJHLFFBB48CA,坡道平面,0,32.69
RPRQMLRJJHLFFBB77CA,坡道平面,0,
RPPTMLSJJHLFFBB97CA,坡道平面,0,30.11
RPRPMLRJJHLFFBB67CA,坡道平面,0,
RPOTMLLKJHLFFBB27CA,坡道機械,0,
RPXOMLMKJHLFFBB77CA,坡道機械,0,
RPSTMLNKJHLFFAB77CA,坡道平面,0,30.09
RPTOMLPKJHLFFAB57CA,升降機械,0,8.43
RPPNMLRJJHLFFAB17CA,坡道平面,0,
RPRSMLNKJHLFFAB57CA,坡道平面,1100000,38.02
RPSPMLPKJHLFFAB57CA,升降機械,0,
RPUSMLNKJHLFFAB87CA,坡道平面,1100000,38.02
RPSSMLNKJHLFFAB67CA,坡道平面,1050000,38.02
RPQSMLNKJHLFFAB47CA,坡道平面,1050000,38.02
RPTSMLNKJHLFFAB77CA,坡道平面,0,38.02
RPTSMLNKJHLFFAB77CA,坡道平面,0,38.02
RPTOMLSKJHLFFAB87CA,坡道機械,0,
RPTOMLSKJHLFFAB87CA,坡道機械,0,
RPTOMLSKJHLFFAB87CA,坡道機械,0,
RPTOMLSKJHLFFAB87CA,坡道機械,0,
RPTOMLSKJHLFFAB87CA,坡道機械,0,
RPTOMLSKJHLFFAB87CA,坡道機械,0,
RPQPMLQJJHLFFAB37CA,坡道平面,0,33.41
RPWOMLLLJHLFFAB57CA,坡道平面,1200000,30.35
RPOQMLKLJHLFFAB86CA,坡道平面,1200000,33.85
RPUQMLTLKIKFFAB48CA,坡道平面,0,20.49
RPPNMLLLJHLFFAB76CA,坡道平面,1350000,33.85
RPWNMLLLJHLFFAB47CA,坡道平面,1300000,33.85
RPTNMLLLJHLFFAB17CA,坡道平面,1300000,33.85
RPQNMLLLJHLFFAB86CA,坡道平面,1200000,33.85
RPQOMLLLJHLFFAB96CA,坡道平面,1300000,33.85
RPPQMLLLJHLFFBB17CA,坡道平面,0,42.99
RPOQMLLLJHLFFBB07CA,坡道平面,0,42.99
RPUQMLLLJHLFFBB67CA,坡道平面,0,42.99
RPQQMLLLJHLFFBB27CA,坡道平面,0,42.99
RPSQMLLLJHLFFBB47CA,坡道平面,0,42.99
RPTQMLLLJHLFFBB57CA,坡道平面,0,42.99
RPSPMLLKJHLFFBB27CA,坡道平面,1100000,34.73
RPUOMLLKJHLFFBB37CA,坡道平面,1150000,34.73
RPSOMLLKJHLFFBB17CA,坡道平面,1150000,34.73
RPPOMLLKJHLFFBB86CA,坡道平面,950000,34.73
RPXNMLLKJHLFFBB57CA,坡道平面,1000000,34.73
RPVNMLLKJHLFFBB37CA,坡道平面,950000,34.73
RPWNMLLKJHLFFBB47CA,坡道平面,950000,34.73
RPOOMLLKJHLFFBB76CA,坡道平面,1050000,34.73
RPRPMLLKJHLFFBB17CA,坡道平面,1100000,34.73
RPXPMLPKJHLFFCB28CA,坡道平面,0,23.31
RPXPMLPKJHLFFCB28CA,坡道平面,0,23.31
RPXPMLPKJHLFFCB28CA,坡道平面,0,19.98
RPROMLMLJHLFFCB37CA,坡道平面,0,
RPUOMLMLJHLFFCB67CA,坡道平面,0,
RPPOMLSKJHLFFCB67CA,坡道機械,0,
RPQNMLQKJHLFFCB47CA,坡道平面,0,19.85
RPQNMLQKJHLFFCB47CA,坡道平面,0,19.85
RPPNMLKLJHLFFCB86CA,坡道機械,0,13.27
RPPNMLKLJHLFFCB86CA,坡道機械,0,13.27
RPPNMLKLJHLFFCB86CA,坡道機械,0,13.27
RPPNMLKLJHLFFCB86CA,坡道機械,0,13.27
RPURMLPKJHLFFCB18CA,坡道平面,0,
RPURMLPKJHLFFCB18CA,坡道平面,0,
RPXSMLMLJHLFFCB38CA,坡道平面,0,
RPWSMLMLJHLFFCB28CA,坡道平面,0,
RPOTMLMLJHLFFCB57CA,坡道平面,0,
RPQTMLMLJHLFFCB77CA,坡道平面,0,
RPRTMLMLJHLFFCB87CA,坡道平面,0,
RPSTMLMLJHLFFCB97CA,坡道平面,0,
RPVTMLMLJHLFFCB28CA,坡道平面,0,
RPTSMLMLJHLFFCB97CA,坡道平面,0,
RPTTMLMLJHLFFCB08CA,坡道平面,0,
RPUVMLLKJHLFFCB18CA,坡道平面,1450000,17.27
RPUVMLLKJHLFFCB18CA,坡道平面,1450000,17.27
RPUVMLLKJHLFFCB18CA,坡道機械,750000,8.35
RPUVMLLKJHLFFCB18CA,坡道機械,650000,8.35
RPVUMLLKJHLFFCB18CA,坡道平面,1750000,17.27
RPVUMLLKJHLFFCB18CA,坡道平面,1750000,17.27
RPVUMLLKJHLFFCB18CA,坡道平面,1750000,17.27
RPVUMLLKJHLFFCB18CA,坡道平面,1650000,14.76
RPQVMLLKJHLFFCB77CA,坡道平面,1450000,17.27
RPQVMLLKJHLFFCB77CA,坡道平面,1450000,17.27
RPQVMLLKJHLFFCB77CA,坡道機械,750000,8.35
RPQVMLLKJHLFFCB77CA,坡道機械,650000,8.35
RPWVMLLKJHLFFCB38CA,坡道平面,1750000,17.27
RPWVMLLKJHLFFCB38CA,坡道平面,1750000,17.27
SPVUMLLKJHLFFCB28CA,坡道平面,1750000,17.27
SPVUMLLKJHLFFCB28CA,坡道平面,1750000,17.27
TPVUMLLKJHLFFCB38CA,坡道平面,1750000,17.27
TPVUMLLKJHLFFCB38CA,坡道平面,1750000,17.27
TPVUMLLKJHLFFCB38CA,坡道平面,1750000,17.27
TPVUMLLKJHLFFCB38CA,坡道平面,1650000,14.76
RPXPMLPLJHLFFCB38CA,坡道平面,0,
SPSUMLLKJHLFFCB97CA,坡道平面,1750000,17.27
SPSUMLLKJHLFFCB97CA,坡道平面,1750000,17.27
RPQUMLLKJHLFFCB67CA,坡道平面,1650000,17.27
RPQUMLLKJHLFFCB67CA,坡道平面,1650000,17.27
RPQUMLLKJHLFFCB67CA,坡道平面,1650000,17.27
RPSUMLLKJHLFFCB87CA,坡道平面,1850000,17.27
RPSUMLLKJHLFFCB87CA,坡道平面,1850000,17.27
RPSUMLLKJHLFFCB87CA,坡道平面,1750000,14.76
RPQOMLPLJHLFFCB57CA,坡道平面,0,
RPQOMLPLJHLFFCB57CA,坡道平面,0,
RPSOMLPLJHLFFCB77CA,坡道平面,0,
RPSTMLSJJHLFFCB38CA,坡道平面,0,35.97
RPPRMLMKJHLFFCB37CA,坡道平面,0,18.43
RPRSNLNKJHLFFCB87CA,坡道平面,0,
RPXWMLLKJHLFFCB58CA,坡道平面,1750000,17.27
RPXWMLLKJHLFFCB58CA,坡道平面,1750000,17.27
RPXWMLLKJHLFFCB58CA,坡道機械,750000,8.35
RPXWMLLKJHLFFCB58CA,坡道機械,650000,8.35
RPQPMLRJJHLFFCB67CA,坡道平面,0,23.14
RPQPMLRJJHLFFCB67CA,坡道機械,0,11.57
RPURMLRJJHLFFCB28CA,坡道平面,0,33.47
RPURMLRJJHLFFCB28CA,坡道平面,0,33.47
RPURMLRJJHLFFCB28CA,升降平面,0,33.47
RPOONLPJJHLFFCB27CA,坡道平面,0,28.90
RPVWMLPJJHLFFCB68CA,升降機械,0,
RPPONLPJJHLFFCB37CA,坡道平面,0,
RPUNMLSJJHLFFCB97CA,坡道平面,0,33.01
RPSNNLPJJHLFFCB57CA,坡道平面,0,26.34
RPWOMLNJKHLFFCB87CA,坡道平面,0,23.35
RPSPMLPJJHLFFCB67CA,坡道平面,0,14.53
RPSPMLPJJHLFFCB67CA,坡道平面,0,14.53
RPUUMLLMKIKFFCB38CA,其他,0,35.89
RPVSMLTLKIKFFCB98CA,坡道平面,850000,
RPQOMLKMKIKFFCB27CA,坡道平面,0,14.52
RPQOMLKMKIKFFCB27CA,坡道平面,0,14.52
RPXONLTLKIKFFCB88CA,坡道平面,0,16.61
SPQOMLKMKIKFFCB37CA,坡道平面,0,14.52
RPQOMLSLKIKFFCB97CA,坡道平面,0,
RPVNMLKMKIKFFHL56CA,坡道平面,0,33.45
RPSSMLKMKIKFFCB87CA,坡道機械,0,4.00
RPXOMLSKJHLFFHL37CA,坡道機械,0,
RPRRMLSLKIKFFCB48DA,坡道機械,0,
RPOOMLLLJHLFFCB07DA,坡道平面,0,12.91
RPUNMLTLKIKFFCB48DA,坡道平面,0,
RPUNMLTLKIKFFCB48DA,坡道平面,0,
RPOOMLLMKIKFFCB17CA,坡道平面,0,
RPQQMLKMKIKFFCB47CA,坡道平面,0,
RPPOMLSLKIKFFCB87CA,坡道平面,0,
RPRNMLPJJHLFFCB37CA,坡道平面,0,19.83
RPRNMLPJJHLFFCB37CA,坡道平面,0,19.83
RPRNMLPJJHLFFCB37CA,坡道平面,0,19.83
RPTPMLTLKIKFFCB48CA,坡道平面,0,21.49
RPOPMLRJJHLFFCB47CA,坡道機械,0,
RPOQMLQJJHLFFCB47CA,升降機械,0,
RPVNNLLKJHLFFCB57CA,升降機械,0,
RPOQMLOJJHLFFCB27CA,坡道機械,0,
RPOQMLOJJHLFFCB27CA,坡道機械,0,
RPTRMLNKJHLFFCB87CA,坡道平面,0,23.72
RPOQMLPLJHLFFCB57CA,坡道平面,0,
RPOQMLPLJHLFFCB57CA,坡道平面,0,
RPWPMLSKJHLFFCB48CA,坡道機械,0,13.22
RPSUMLSJJHLFFCB48CA,坡道平面,0,16.69
RPSUMLSJJHLFFCB48CA,坡道平面,0,16.69
RPSUMLSJJHLFFCB48CA,坡道平面,0,16.69
RPSOMLTKJHLFFCB08CA,坡道機械,0,
RPOQMLTKJHLFFCB87CA,坡道平面,0,23.14
RPOQMLTKJHLFFCB87CA,坡道平面,0,23.14
RPOQMLTKJHLFFCB87CA,坡道平面,0,23.14
RPQQMLPKJHLFFCB67CA,坡道平面,0,28.17
RPWNMLPKJHLFFCB97CA,坡道平面,0,39.36
RPUNMLNLJHLFFCB67CA,坡道機械,0,
RPSOMLSKKHLFFCB08CA,升降機械,0,8.50
RPPNMLRJJHLFFAL18CA,升降平面,0,
RPTQMLQLJHLFFBL09CA,坡道平面,0,
RPVQMLQLJHLFFBL66CA,坡道平面,0,
RPSQMLQLJHLFFBL98CA,坡道平面,0,
RPUQMLQLJHLFFBL56CA,坡道平面,0,
RPWQMLQLJHLFFBL76CA,坡道平面,0,
RPPRMLQLJHLFFBL78CA,坡道平面,0,
RPORMLQLJHLFFBL68CA,坡道平面,0,
RPXQMLQLJHLFFBL86CA,坡道平面,0,
RPQRMLQLJHLFFBL88CA,坡道平面,0,
RPRRMLQLJHLFFBL98CA,坡道平面,0,
RPURMLQLJHLFFBL66CA,坡道平面,0,
RPTRMLQLJHLFFBL56CA,坡道平面,0,
RPSRMLQLJHLFFBL09CA,坡道平面,0,
RPQNMLKLJHLFFAL77CA,升降機械,0,
RPTOMLNKJHLFFCL58CA,坡道平面,0,
RPVOMLNKJHLFFCL78CA,坡道平面,0,
RPWOMLNKJHLFFCL88CA,坡道平面,0,
RPWNMLQLJHLFFCB18CA,升降平面,600000,
RPUPMLOJJHLFFCB77CA,坡道平面,0,
RPUPMLOJJHLFFCB77CA,坡道平面,0,
RPVPMLOJJHLFFCB87CA,坡道平面,0,
RPVPMLOJJHLFFCB87CA,坡道平面,0,
RPOUMLLKJHLFFBB37CA,坡道機械,0,
RPSSMLLKJHLFFBB57CA,坡道平面,0,23.58
RPTOMLMKJHLFFBB37CA,坡道平面,0,23.42
RPWSMLKMKIKFFCB28CA,坡道平面,0,15.11
RPWSMLKMKIKFFCB28CA,坡道平面,0,15.11
RPWSMLKMKIKFFCB28CA,坡道平面,0,15.11
RPWSMLKMKIKFFCB28CA,坡道平面,0,15.11
RPORMLOKJHLFFBB37CA,升降機械,0,
RPSOMLOKJHLFFBB47CA,升降平面,0,
RPVPMLRJJHLFFBB08CA,坡道平面,0,21.52
RPSOMLSJJHLFFBB77CA,坡道平面,0,
RPQOMLSJJHLFFBB57CA,坡道平面,0,
RPWOMLRKKHLFFBB28CA,坡道平面,0,26.22
RPQPMLRLJHLFFBB77CA,坡道平面,0,
RPVRMLRJJHLFFBB28CA,坡道平面,0,23.18
RPWRMLRJJHLFFBB38CA,坡道平面,0,23.59
RPWRMLRJJHLFFBB38CA,坡道平面,0,23.59
RPXRMLRJJHLFFBB48CA,坡道平面,0,23.59
RPXRMLRJJHLFFBB48CA,坡道平面,0,23.59
RPURMLRJJHLFFBB18CA,坡道平面,0,23.59
RPURMLRJJHLFFBB18CA,坡道平面,0,23.59
RPSTMLSJJHLFFBB28CA,坡道機械,0,
RPXQMLKMKIKFFBB08CA,坡道平面,760000,28.53
RPPSMLKMKIKFFBB47CA,坡道平面,0,27.20
RPPNMLKMKIKFFBB96CA,坡道平面,0,32.01
RPPNMLKMKIKFFBB96CA,坡道平面,0,32.01
RPTOMLKMKIKFFBB47CA,坡道平面,0,20.90
TPURMLQJJHLFFBB28CA,坡道平面,0,
TPURMLQJJHLFFBB28CA,坡道機械,0,
TPURMLQJJHLFFBB28CA,坡道機械,0,
TPURMLQJJHLFFBB28CA,坡道機械,0,
TPURMLQJJHLFFBB28CA,坡道機械,0,
RPPPMLKMKIKFFBB17CA,坡道平面,0,
RPPOMLOJJHLFFBB07CA,坡道機械,0,
RPROMLLLJHLFFAB07CA,坡道平面,1300000,33.85
RPSOMLLLJHLFFAB17CA,坡道平面,1200000,30.35
RPXNMLLLJHLFFAB57CA,坡道平面,1200000,33.85
RPTOMLLLJHLFFAB27CA,坡道平面,1200000,33.85
RPUOMLLLJHLFFAB37CA,坡道平面,1200000,33.85
RPVOMLLLJHLFFAB47CA,坡道平面,1200000,33.85
RPVNMLLLJHLFFAB37CA,坡道平面,1200000,33.85
RPOOMLLLJHLFFAB76CA,坡道平面,1200000,30.35
RPPOMLLLJHLFFAB86CA,坡道平面,1500000,33.85
RPSNMLLLJHLFFAB07CA,坡道平面,1200000,30.85
RPRNMLLLJHLFFAB96CA,坡道平面,1200000,33.85
RPXOMLLLJHLFFAB67CA,坡道平面,1200000,33.85
RPQQMLKLJHLFFAB07CA,坡道平面,1100000,33.85
RPSQMLKLJHLFFAB27CA,坡道平面,1500000,33.85
RPSQMLKLJHLFFAB27CA,坡道平面,1500000,33.85
RPRPMLKLJHLFFAB07CA,坡道平面,1200000,33.85
RPPQMLKLJHLFFAB96CA,坡道平面,970000,33.85
RPXOMLKLJHLFFAB57CA,坡道平面,1200000,33.85
RPPPMLKLJHLFFAB86CA,坡道平面,1300000,33.85
RPOPMLKLJHLFFAB76CA,坡道平面,1200000,33.85
RPWOMLKLJHLFFAB47CA,坡道平面,1200000,33.85
RPQPMLKLJHLFFAB96CA,坡道平面,1200000,33.85
RPTPMLKLJHLFFAB27CA,坡道平面,1300000,33.85
RPUPMLKLJHLFFAB37CA,坡道平面,1300000,33.85
RPSPMLKLJHLFFAB17CA,坡道平面,1500000,33.85
RPSNMLLMKIKFFAB27CA,坡道平面,1100000,25.12
RPSNMLLMKIKFFAB27CA,坡道平面,1100000,25.12
RPVPMLKLJHLFFAB47CA,坡道平面,1400000,33.85
RPWPMLKLJHLFFAB57CA,坡道平面,1200000,33.85
RPSOMLOJJHLFFAB27CA,坡道機械,0,
RPSOMLPJJHLFFAB37CA,坡道平面,0,37.54
RPQPMLNKJHLFFAB17CA,坡道機械,0,
RPSNMLRLJHLFFAB67CA,坡道平面,0,
RPSNMLRLJHLFFAB67CA,坡道平面,0,
RPORMLMKJHLFFAB07CA,坡道平面,0,
RPROMLMLJHLFFAB17CA,坡道平面,0,
RPSQMLQJJHLFFAB67CA,坡道機械,0,11.25
RPRNMLQKJHLFFAB37CA,坡道平面,0,36.26
RPRNMLQKJHLFFAB37CA,坡道平面,0,36.26
RPVQMLLKJHLFFAB57CA,坡道平面,0,26.38
RPVQMLLKJHLFFAB57CA,坡道平面,0,26.38
RPQNMLQJJHLFFHL88CA,坡道機械,0,
RPPNMLQJJHLFFHL78CA,坡道平面,0,
RPRNMLQJJHLFFHL98CA,坡道平面,0,
RPSNMLQJJHLFFHL09CA,坡道機械,0,
RPTNMLQJJHLFFHL56CA,坡道平面,0,
RPTNMLQJJHLFFHL56CA,坡道機械,0,
RPROMLLLJHLFFIL88CA,一樓平面,0,
RPPOMLLLJHLFFIL68CA,一樓平面,0,
RPVOMLLLJHLFFIL66CA,一樓平面,0,
RPWOMLLLJHLFFIL76CA,一樓平面,0,
RPRPMLLLJHLFFIL98CA,一樓平面,0,
RPUPMLLLJHLFFIL66CA,一樓平面,0,
RPTPMLLLJHLFFIL56CA,一樓平面,0,
RPWPMLLLJHLFFIL86CA,一樓平面,0,
RPPOMLTLKIKFFAB87DA,坡道機械,0,
RPSPMLSJJHLFFGL76CA,坡道機械,0,
RPSPMLSJJHLFFGL76CA,坡道機械,0,
RPPPMLPJJHLFFGL78CA,坡道平面,0,31.39
RPPPMLPJJHLFFGL78CA,坡道平面,0,31.39
RPUPMLKLJHLFFGL98CA,坡道平面,0,
RPROMLMLJHLFFFL68CA,坡道平面,1000000,36.33
RPSOMLMLJHLFFFL78CA,坡道平面,1000000,36.33
RPUOMLMLJHLFFFL98CA,坡道平面,1000000,31.31
RPTOMLMLJHLFFFL88CA,坡道平面,1000000,36.33
RPXNMLMLJHLFFFL56CA,坡道平面,900000,31.31
RPPOMLMLJHLFFFL48CA,坡道平面,1000000,36.33
RPOOMLMLJHLFFFL38CA,坡道平面,1000000,36.33
RPXOMLMLJHLFFFL66CA,坡道平面,1000000,36.33
RPVOMLMLJHLFFFL09CA,坡道平面,1000000,36.33
RPVPMLMLJHLFFFL56CA,坡道平面,900000,36.33
RPQPMLMLJHLFFFL68CA,坡道平面,900000,36.33
RPPQMLTLKIKFFGL96CA,坡道機械,0,
RPVRMLKMKIKFFGL86CA,坡道平面,0,
RPXNMLTLKIKFFFL37CA,坡道機械,0,
RPQNMLRJJHLFFFL78CA,坡道平面,1100000,31.13
RPXPMLMLJHLFFFL76CA,坡道平面,1200000,36.33
RPWPMLMLJHLFFFL66CA,坡道平面,1200000,36.33
RPOQMLMLJHLFFFL58CA,坡道平面,900000,36.33
RPPQMLMLJHLFFFL68CA,坡道平面,1200000,31.31
RPQQMLMLJHLFFFL78CA,坡道平面,1200000,36.33
RPSQMLMLJHLFFFL98CA,坡道平面,1000000,36.33
RPWQMLMLJHLFFFL76CA,坡道平面,1100000,36.33
RPXQMLMLJHLFFFL86CA,坡道平面,1100000,36.33
RPUQMLMLJHLFFFL56CA,坡道平面,1050000,36.33
RPRQMLMLJHLFFFL88CA,坡道平面,1000000,36.33
RPRRMLMLJHLFFFL98CA,坡道平面,1000000,31.31
RPVQMLMLJHLFFFL66CA,坡道平面,1000000,36.33
RPQRMLMLJHLFFFL88CA,坡道平面,1000000,31.31
RPORMLMLJHLFFFL68CA,坡道平面,900000,36.33
RPSRMLMLJHLFFFL09CA,坡道平面,1200000,36.33
RPTRMLMLJHLFFFL56CA,坡道平面,900000,36.33
RPURMLMLJHLFFFL66CA,坡道平面,1000000,31.31
RPVRMLMLJHLFFFL76CA,坡道平面,900000,36.33
RPOSMLMLJHLFFFL78CA,坡道平面,900000,31.31
RPRSMLMLJHLFFFL09CA,坡道平面,0,36.33
RPWRMLMLJHLFFFL86CA,坡道平面,1000000,36.33
RPXRMLMLJHLFFFL96CA,坡道平面,1100000,31.31
RPPSMLMLJHLFFFL88CA,坡道平面,900000,36.33
RPQSMLMLJHLFFFL98CA,坡道平面,1200000,36.33
RPPRMLTKJHLFFGL86CA,坡道平面,0,
RPXQMLTKJHLFFGL57CA,升降機械,0,
RPQPMLTKJHLFFGL76CA,坡道平面,0,
RPRPMLTKJHLFFGL86CA,坡道平面,0,
RPSPMLTKJHLFFGL96CA,升降平面,0,
RPSOMLTKJHLFFGL86CA,坡道平面,0,
RPPPMLTKJHLFFGL66CA,坡道平面,0,
RPQRMLTKJHLFFGL96CA,坡道平面,0,
RPRRMLTKJHLFFGL07CA,坡道平面,0,
RPTOMLTKJHLFFGL96CA,坡道平面,0,
RPTRMLTKJHLFFGL27CA,坡道平面,0,
RPURMLTKJHLFFGL37CA,坡道機械,0,
RPURMLTKJHLFFGL37CA,坡道機械,0,
RPOSMLTKJHLFFGL86CA,坡道平面,0,
RPXRMLTKJHLFFGL67CA,坡道平面,0,
RPPSMLTKJHLFFGL96CA,坡道平面,0,
RPWRMLTKJHLFFGL57CA,坡道平面,0,
RPSRMLTKJHLFFGL17CA,坡道平面,0,
RPRSMLTKJHLFFGL17CA,坡道平面,0,
RPTSMLTKJHLFFGL37CA,坡道平面,0,
RPSSMLTKJHLFFGL27CA,坡道平面,0,
RPUPMLTKJHLFFGL17CA,坡道平面,0,
RPVOMLTKJHLFFGL17CA,坡道平面,0,
RPVPMLTKJHLFFGL27CA,坡道平面,0,
RPSQMLTKJHLFFGL07CA,升降機械,0,
RPSQMLTKJHLFFGL07CA,升降機械,0,
RPQQMLTKJHLFFGL86CA,坡道平面,1100000,31.47
RPVQMLTKJHLFFGL37CA,坡道平面,1100000,31.47
RPQSMLTKJHLFFGL07CA,坡道平面,0,
RPUQMLTKJHLFFGL27CA,坡道平面,0,
RPTQMLTKJHLFFGL17CA,坡道平面,1200000,27.82
RPSTMLTKJHLFFGL37CA,坡道平面,0,
RPQTMLTKJHLFFGL17CA,升降機械,0,
RPRTMLTKJHLFFGL27CA,坡道平面,0,
RPPNMLRKJHLFFGL88CA,坡道平面,0,
RPPNMLRKJHLFFGL88CA,升降機械,0,
RPQPMLQJJHLFFGL98CA,坡道機械,0,
RPQNMLRKJHLFFGL98CA,升降機械,0,
RPVNMLOJJHLFFGL09CA,升降機械,0,
RPSNMLOJJHLFFGL78CA,坡道平面,0,24.45
RPPNMLSKJHLFFIL56CA,坡道機械,0,
RPPNMLSKJHLFFIL56CA,坡道機械,0,
RPPNMLSKJHLFFIL56CA,坡道機械,0,
RPPNMLSKJHLFFIL56CA,坡道機械,0,
RPPNMLSKJHLFFIL56CA,坡道機械,0,
RPPNMLSKJHLFFIL56CA,坡道機械,0,
RPPNMLSKJHLFFIL56CA,坡道機械,0,
RPPNMLOKJHLFFAB07DA,坡道平面,0,
RPUNMLSJJHLFFHL86CA,坡道平面,0,
RPOOMLTKJHLFFCB77DA,坡道平面,0,
RPOQMLLKJHLFFHL58CA,坡道機械,0,
RPVRMLTKJHLFFGL57DA,坡道機械,0,
RPRQMLSLJHLFFBB18DA,坡道平面,0,
RPORMLLKJHLFFAB96CA,坡道平面,0,
RPXNMLMKJHLFFAB57CA,坡道機械,0,
RPPRMLPJJHLFFAB37CA,坡道平面,0,
RPVOMLQJJHLFFAB77CA,坡道平面,0,29.83
RPROMLOJJHLFFAB17CA,坡道平面,0,
RPROMLKMKIKFFAB17CA,坡道機械,500000,10.03
RPWQMLKMKIKFFAB87CA,坡道平面,0,21.95
RPWOMLPLJHLFFAB97CA,坡道平面,1100000,39.72
RPVNMLQLJHLFFAB87CA,坡道機械,0,
RPXPMLKLJHLFFAB67CA,坡道平面,1300000,33.85
RPTQMLKLJHLFFAB37CA,坡道平面,1400000,33.85
RPVNMLOJJHLFFBB57CA,坡道平面,600000,27.53
RPVNMLOJJHLFFBB57CA,坡道平面,400000,27.53
RPVNMLOJJHLFFBB57CA,坡道平面,400000,27.53
RPWNMLOJJHLFFBB67CA,坡道平面,1100000,27.53
RPQPMLLLJHLFFAB07CA,坡道平面,1200000,33.85
RPUNMLMJJHLFFBB27CA,坡道機械,0,12.94
RPRNMLPLJHLFFAB37CA,坡道平面,0,
RPRNMLPLJHLFFAB37CA,坡道平面,0,
RPWPMLLMKIKFFBB97CA,坡道機械,0,7.28
RPOSMLLMKIKFFBB47CA,坡道機械,0,
RPOQMLOJJHLFFBB17CA,坡道機械,0,
RPXWMLTLKIKFFBB86CA,坡道機械,0,
RPSSMLRJJHLFFBB08CA,坡道機械,0,
RPVSMLKMKIKFFBB08CA,坡道平面,0,
RPQOMLSLJHLFFBB77CA,坡道平面,0,
RPWOMLPLJHLFFBB08CA,坡道機械,0,
RPQNMLQKJHLFFBB37CA,坡道機械,0,12.38
RPPQMLTKJHLFFBB87CA,坡道平面,0,
RPTSMLMKJHLFFBB77CA,坡道平面,0,
RPVRMLLKJHLFFBB77CA,坡道平面,0,
RPSNMLOJJHLFFCB37CA,升降機械,0,
RPRNMLTJJHLFFBB67CA,坡道平面,0,
RPPOMLQJJHLFFCB37CA,坡道平面,0,
RPPUMLLKJHLFFCB57CA,坡道平面,0,32.46
RPPUMLLKJHLFFCB57CA,坡道平面,0,32.46
RPRUMLSJJHLFFCB38CA,坡道平面,0,38.40
RPRUMLSJJHLFFCB38CA,坡道平面,0,38.40
RPRWMLLKJHLFFCB97CA,坡道平面,1650000,17.27
RPSRMLMLJHLFFCB77CA,坡道平面,0,
RPSRMLMLJHLFFCB77CA,坡道平面,0,
RPSRMLMLJHLFFCB77CA,坡道平面,0,
RPXOMLNJKHLFFCB97CA,坡道平面,1400000,38.40
RPWNMLMLJHLFFCB77CA,坡道平面,0,24.76
RPWNMLMLJHLFFCB77CA,坡道平面,0,24.76
RPVOMLMLJHLFFCB77CA,坡道平面,1500000,37.36
RPSOMLMLJHLFFCB47CA,坡道平面,0,
RPVQMLPKJHLFFCB18CA,坡道平面,0,19.98
RPRPOLNKJHLFFCB67CA,坡道機械,0,11.57
RPSQMLMLJHLFFCB67CA,坡道平面,0,
RPTPMLRJJHLFFAL78CA,坡道機械,0,13.22
RPTPMLRJJHLFFAL78CA,坡道機械,0,13.22
RPQOMLKMKIKFFAL08CA,坡道平面,0,
RPVOMLKMKIKFFAL58CA,坡道平面,0,
RPXNMLMJJHLFFCL68CA,坡道平面,0,
RPQOMLNKJHLFFCL28CA,坡道平面,0,
RPXNNLLKJHLFFCB77CA,坡道平面,0,
RPRNMLNJJHLFFCB17CA,升降機械,0,23.50
RPSOMLTLJHLFFCB18CA,坡道平面,0,
RPSOMLTLJHLFFCB18CA,坡道平面,0,
RPSQMLNKJHLFFBB57CA,升降機械,0,
RPRNMLOKJHLFFBB27CA,坡道平面,1000000,32.77
RPRNMLOKJHLFFBB27CA,坡道平面,1000000,32.77
RPSNMLOKJHLFFBB37CA,坡道平面,1050000,34.73
RPRNMLTKJHLFFBB77CA,升降機械,0,
RPRNMLTKJHLFFBB77CA,升降機械,0,
RPPNMLOKJHLFFBB07CA,坡道平面,1100000,32.77
RPPNMLOKJHLFFBB07CA,坡道平面,1200000,34.73
RPWRMLPLJHLFFBB38CA,坡道平面,0,24.47
RPWRMLPLJHLFFBB38CA,坡道平面,0,24.47
RPURMLPLJHLFFBB18CA,坡道平面,0,24.47
RPORMLPLJHLFFBB57CA,坡道平面,0,24.47
RPXRMLPLJHLFFBB48CA,坡道平面,0,24.47
RPVRMLPLJHLFFBB28CA,坡道平面,0,24.47
RPVSMLPLJHLFFBB38CA,坡道平面,0,24.47
RPWSMLPLJHLFFBB48CA,坡道平面,0,24.47
RPPTMLPLJHLFFBB87CA,坡道平面,0,24.47
RPOTMLPLJHLFFBB77CA,坡道平面,0,24.47
RPXSMLPLJHLFFBB58CA,坡道平面,0,24.47
RPXSMLPLJHLFFBB58CA,坡道平面,0,24.47
RPQTMLPLJHLFFBB97CA,坡道平面,0,24.47
RPQTMLPLJHLFFBB97CA,坡道平面,0,24.47
RPRTMLPLJHLFFBB08CA,坡道平面,0,24.47
RPUTMLPLJHLFFBB38CA,坡道平面,0,24.47
RPQSMLPLJHLFFBB87CA,坡道平面,0,24.47
RPTTMLPLJHLFFBB28CA,坡道平面,0,24.47
RPSTMLPLJHLFFBB18CA,坡道平面,0,24.47
RPVTMLPLJHLFFBB48CA,坡道平面,0,24.47
RPVTMLPLJHLFFBB48CA,坡道平面,0,24.47
RPPSMLPLJHLFFBB77CA,坡道平面,0,24.47
RPWTMLPLJHLFFBB58CA,坡道平面,0,24.47
RPRSMLPLJHLFFBB97CA,坡道平面,0,24.47
RPSSMLPLJHLFFBB08CA,坡道平面,0,24.47
RPSSMLPLJHLFFBB08CA,坡道平面,0,24.47
RPQUMLPLJHLFFBB08CA,坡道平面,0,24.47
RPRUMLPLJHLFFBB18CA,坡道平面,0,24.47
RPRUMLPLJHLFFBB18CA,坡道平面,0,24.47
RPRNMLQLJHLFFBB57CA,坡道平面,0,24.47
RPRNMLQLJHLFFBB57CA,坡道平面,0,24.47
RPXNMLQLJHLFFBB18CA,坡道機械,0,
RPSNMLSLJHLFFBB87CA,坡道平面,0,24.47
RPSNMLSLJHLFFBB87CA,坡道平面,0,24.47
RPVNMLSLJHLFFBB18CA,坡道平面,0,24.47
RPUNMLSLJHLFFBB08CA,坡道平面,0,24.47
RPUNMLSLJHLFFBB08CA,坡道平面,0,24.47
RPROMLSLJHLFFBB87CA,坡道平面,0,24.47
RPSOMLSLJHLFFBB97CA,坡道平面,0,24.47
RPSOMLSLJHLFFBB97CA,坡道平面,0,24.47
RPVOMLSLJHLFFBB28CA,坡道平面,0,24.47
RPOPMLSLJHLFFBB67CA,坡道平面,0,24.47
RPUOMLSLJHLFFBB18CA,坡道平面,0,24.47
RPQPMLSLJHLFFBB87CA,坡道平面,0,24.47
RPRPMLSLJHLFFBB97CA,坡道平面,0,24.47
RPPPMLSLJHLFFBB77CA,坡道平面,0,24.47
RPXOMLSLJHLFFBB48CA,坡道平面,0,24.47
RPXOMLSLJHLFFBB48CA,坡道平面,0,24.47
RPWOMLSLJHLFFBB38CA,坡道平面,0,24.47
RPSPMLSLJHLFFBB08CA,坡道平面,0,24.47
RPUPMLSLJHLFFBB28CA,坡道平面,0,24.47
RPWPMLSLJHLFFBB48CA,坡道平面,0,24.47
RPXPMLSLJHLFFBB58CA,坡道平面,0,24.47
RPXPMLSLJHLFFBB58CA,坡道平面,0,24.47
RPVPMLSLJHLFFBB38CA,坡道平面,0,24.47
RPOOMLSLJHLFFBB57CA,坡道平面,0,24.47
RPXNMLSLJHLFFBB38CA,坡道平面,0,24.47
RPWTMLQJJHLFFBB48CA,坡道平面,0,23.37
RPQTMLQLJHLFFBB08CA,坡道平面,0,24.47
RPPTMLQLJHLFFBB97CA,坡道平面,0,24.47
RPOTMLQLJHLFFBB87CA,坡道平面,0,24.47
RPOTMLQLJHLFFBB87CA,坡道平面,0,24.47
RPPNMLSLJHLFFBB57CA,坡道平面,0,24.47
RPSQMLLMKIKFFBB67CA,坡道平面,0,
RPXPMLLMKIKFFBB08CA,一樓平面,0,
RPXPMLLMKIKFFBB08CA,一樓平面,0,
RPWRMLOJJHLFFBB08CA,坡道平面,0,
RPQQMLNKJHLFFAB27CA,一樓平面,0,
RPPPMLSJJHLFFAB47CA,坡道機械,0,
RPQNMLSLJHLFFHL66CA,坡道平面,0,
RPQNMLSLJHLFFHL66CA,坡道平面,0,
RPRNMLSLJHLFFHL76CA,坡道平面,900000,
RPTNMLQLJHLFFHL76CA,坡道機械,380000,
RPPNMLQLJHLFFHL98CA,坡道平面,670000,
RPRNMLQLJHLFFHL56CA,坡道平面,900000,
RPQNMLQLJHLFFHL09CA,坡道平面,900000,
RPSNMLQLJHLFFHL66CA,坡道平面,900000,
RPUNMLQLJHLFFHL86CA,坡道平面,900000,
RPWNMLQLJHLFFHL07CA,坡道機械,450000,
RPPNMLKKJHLFFAB56CA,坡道機械,0,
RPOOMLQLJHLFFHL98CA,坡道平面,900000,
RPSOMLQLJHLFFHL76CA,坡道機械,450000,
RPPOMLQLJHLFFHL09CA,坡道平面,750000,
RPUOMLQLJHLFFHL96CA,坡道機械,415000,
RPUOMLQLJHLFFHL96CA,坡道機械,415000,
RPROMLQLJHLFFHL66CA,坡道平面,810000,
RPVOMLQLJHLFFHL07CA,坡道平面,900000,
RPQOMLQLJHLFFHL56CA,坡道平面,750000,
RPWOMLQLJHLFFHL17CA,坡道機械,400000,
RPWOMLQLJHLFFHL17CA,坡道機械,400000,
RPXOMLQLJHLFFHL27CA,坡道平面,900000,
RPOPMLQLJHLFFHL09CA,坡道平面,670000,
RPPPMLQLJHLFFHL56CA,坡道平面,670000,
RPSPMLQLJHLFFHL86CA,坡道平面,850000,
RPQPMLQLJHLFFHL66CA,坡道平面,850000,
RPRPMLQLJHLFFHL76CA,坡道機械,0,
RPRPMLQLJHLFFHL76CA,坡道機械,0,
RPUPMLQLJHLFFHL07CA,坡道平面,750000,
RPOQMLQLJHLFFHL56CA,坡道機械,0,
RPOQMLQLJHLFFHL56CA,坡道機械,0,
RPWPMLQLJHLFFHL27CA,坡道平面,670000,
RPPQMLQLJHLFFHL66CA,坡道機械,380000,
RPVPMLQLJHLFFHL17CA,坡道平面,730000,
RPRQMLQLJHLFFHL86CA,坡道平面,730000,
RPTQMLQLJHLFFHL07CA,坡道平面,0,
RPTQMLQLJHLFFHL07CA,坡道平面,0,
RPSQMLQLJHLFFHL96CA,坡道平面,900000,
RPUQMLQLJHLFFHL17CA,坡道平面,900000,
RPQQMLQLJHLFFHL76CA,坡道機械,380000,
RPWQMLQLJHLFFHL37CA,坡道平面,730000,
RPVQMLQLJHLFFHL27CA,坡道機械,380000,
RPXQMLQLJHLFFHL47CA,坡道機械,0,
RPXQMLQLJHLFFHL47CA,坡道機械,0,
RPVRMLQLJHLFFHL37CA,坡道平面,670000,
RPSRMLQLJHLFFHL07CA,坡道機械,380000,
RPQRMLQLJHLFFHL86CA,坡道機械,420000,
RPTRMLQLJHLFFHL17CA,坡道平面,800000,
RPRRMLQLJHLFFHL96CA,坡道平面,670000,
RPWRMLQLJHLFFHL47CA,坡道機械,450000,
RPPRMLQLJHLFFHL76CA,坡道機械,500000,
RPORMLQLJHLFFHL66CA,坡道機械,0,
RPORMLQLJHLFFHL66CA,坡道平面,0,
RPURMLQLJHLFFHL27CA,坡道平面,730000,
RPXRMLQLJHLFFHL57CA,坡道機械,0,
RPXRMLQLJHLFFHL57CA,坡道機械,0,
RPRSMLQLJHLFFHL07CA,坡道平面,0,
RPRSMLQLJHLFFHL07CA,坡道平面,0,
RPTSMLQLJHLFFHL27CA,坡道機械,420000,
RPQSMLQLJHLFFHL96CA,坡道平面,730000,
RPSSMLQLJHLFFHL17CA,坡道平面,900000,
RPWSMLQLJHLFFHL57CA,坡道機械,500000,
RPOSMLQLJHLFFHL76CA,坡道平面,730000,
RPPSMLQLJHLFFHL86CA,坡道平面,800000,
RPVSMLQLJHLFFHL47CA,坡道平面,850000,
RPVTMLQLJHLFFHL57CA,坡道機械,380000,
RPXSMLQLJHLFFHL67CA,坡道平面,900000,
RPQTMLQLJHLFFHL07CA,坡道機械,420000,
RPRTMLQLJHLFFHL17CA,坡道機械,420000,
RPOTMLQLJHLFFHL86CA,坡道平面,730000,
RPPTMLQLJHLFFHL96CA,坡道平面,800000,
RPSTMLQLJHLFFHL27CA,坡道平面,770000,
RPTTMLQLJHLFFHL37CA,坡道機械,500000,
RPWTMLQLJHLFFHL67CA,坡道機械,380000,
RPUTMLQLJHLFFHL47CA,坡道機械,0,
RPUTMLQLJHLFFHL47CA,坡道機械,0,
RPXTMLQLJHLFFHL77CA,坡道機械,350000,
RPPUMLQLJHLFFHL07CA,坡道機械,380000,
RPRUMLQLJHLFFHL27CA,坡道平面,900000,
RPTUMLQLJHLFFHL47CA,坡道機械,380000,
RPVUMLQLJHLFFHL67CA,坡道平面,900000,
RPOUMLQLJHLFFHL96CA,坡道機械,380000,
RPWUMLQLJHLFFHL77CA,坡道機械,0,
RPWUMLQLJHLFFHL77CA,坡道機械,0,
RPSUMLQLJHLFFHL37CA,坡道機械,500000,
RPUUMLQLJHLFFHL57CA,坡道機械,0,
RPUUMLQLJHLFFHL57CA,坡道機械,0,
RPXUMLQLJHLFFHL87CA,坡道平面,850000,
RPOVMLQLJHLFFHL07CA,坡道機械,500000,
RPPVMLQLJHLFFHL17CA,坡道機械,0,
RPPVMLQLJHLFFHL17CA,坡道機械,0,
RPSVMLQLJHLFFHL47CA,坡道平面,770000,
RPRVMLQLJHLFFHL37CA,坡道平面,850000,
RPQVMLQLJHLFFHL27CA,坡道機械,0,
RPQVMLQLJHLFFHL27CA,坡道機械,0,
RPSQMLPLJHLFFBB97DA,坡道平面,0,24.47
RPOOMLTLJHLFFCB87DA,坡道平面,0,33.33
RPOOMLTLJHLFFCB87DA,坡道平面,0,33.33
RPOOMLTLJHLFFCB87DA,坡道平面,0,33.33
RPPOMLKLJHLFFIL58CA,坡道平面,0,32.18
RPQOMLKLJHLFFIL68CA,坡道平面,0,32.18
RPXNMLKLJHLFFIL66CA,坡道平面,0,32.18
RPROMLKLJHLFFIL78CA,坡道平面,0,32.18
RPOOMLKLJHLFFIL48CA,坡道平面,0,32.18
RPSOMLKLJHLFFIL88CA,坡道平面,0,32.18
RPTOMLKLJHLFFIL98CA,坡道平面,0,32.18
RPUOMLKLJHLFFIL09CA,坡道平面,0,32.18
RPOPMLKLJHLFFIL58CA,坡道平面,0,32.18
RPXOMLKLJHLFFIL76CA,坡道平面,0,32.18
RPVOMLKLJHLFFIL56CA,坡道平面,0,32.18
RPWOMLKLJHLFFIL66CA,坡道平面,0,32.18
SPOPMLKLJHLFFIL68CA,坡道平面,0,32.18
RPPPMLKLJHLFFIL68CA,坡道平面,0,32.18
RPSPMLKLJHLFFIL98CA,坡道平面,0,32.18
RPRPMLKLJHLFFIL88CA,坡道平面,0,32.18
RPQPMLKLJHLFFIL78CA,坡道平面,0,32.18
RPSNMLLLJHLFFBB27DA,坡道機械,0,10.06
RPSNMLLLJHLFFBB27DA,坡道機械,0,16.20
RPVPMLLKJHLFFAB57DA,坡道機械,550000,
RPUPMLLKJHLFFAB47DA,坡道機械,550000,
RPUNMLKLJHLFFIL98CA,坡道平面,0,32.18
RPSSMLMLJHLFFFL56CA,坡道平面,0,36.33
RPTSMLMLJHLFFFL66CA,坡道平面,0,36.33
RPVSMLMLJHLFFFL86CA,坡道平面,1200000,36.33
RPUSMLMLJHLFFFL76CA,坡道平面,1200000,31.31
RPSNMLTKJHLFFFL66CA,坡道平面,750000,45.08
RPRNMLTKJHLFFFL56CA,坡道平面,850000,45.08
RPQNMLTKJHLFFFL09CA,坡道平面,1000000,45.08
RPUPMLTKJHLFFFL07CA,坡道平面,850000,45.08
RPVPMLTKJHLFFFL17CA,坡道平面,700000,45.08
RPPPMLTKJHLFFFL56CA,坡道平面,950000,45.08
RPTPMLTKJHLFFFL96CA,坡道平面,1100000,45.08
RPRPMLTKJHLFFFL76CA,坡道平面,950000,45.08
RPXOMLTKJHLFFFL27CA,坡道平面,800000,45.08
RPSPMLTKJHLFFFL86CA,坡道平面,850000,45.08
RPQPMLTKJHLFFFL66CA,坡道平面,800000,45.08
RPOPMLTKJHLFFFL09CA,坡道平面,950000,45.08
RPWOMLTKJHLFFFL17CA,坡道平面,950000,45.08
RPWPMLTKJHLFFFL27CA,坡道平面,1150000,45.08
RPXPMLTKJHLFFFL37CA,坡道平面,850000,45.08
RPPQMLTKJHLFFFL66CA,坡道平面,850000,45.08
RPOQMLTKJHLFFFL56CA,坡道平面,950000,45.08
RPSQMLTKJHLFFFL96CA,坡道平面,800000,45.11
RPQQMLTKJHLFFFL76CA,坡道平面,1100000,45.11
RPRQMLTKJHLFFFL86CA,坡道平面,1000000,45.08
RPOOMLPKJHLFFFL58CA,坡道平面,1100000,45.08
RPWOMLPKJHLFFFL76CA,坡道平面,850000,45.08
RPVOMLPKJHLFFFL66CA,坡道平面,850000,45.08
RPRNMLPKJHLFFFL78CA,坡道平面,950000,45.11
RPWNMLPKJHLFFFL66CA,坡道平面,920000,45.11
RPROMLPKJHLFFFL88CA,坡道平面,950000,45.08
RPXNMLPKJHLFFFL76CA,坡道平面,1000000,45.08
RPUOMLPKJHLFFFL56CA,坡道平面,900000,45.08
RPPOMLPKJHLFFFL68CA,坡道平面,950000,45.08
RPTOMLPKJHLFFFL09CA,坡道平面,950000,45.08
RPPOMLTKJHLFFFL09CA,坡道平面,700000,45.08
RPOOMLTKJHLFFFL98CA,坡道平面,950000,45.08
RPSOMLTKJHLFFFL76CA,坡道平面,850000,45.08
RPUNMLTKJHLFFFL86CA,坡道平面,750000,45.08
RPWNMLTKJHLFFFL07CA,坡道平面,750000,45.08
RPQOMLTKJHLFFFL56CA,坡道平面,1100000,45.08
RPTOMLTKJHLFFFL86CA,坡道平面,1000000,45.08
RPVNMLTKJHLFFFL96CA,坡道平面,700000,45.08
RPXNMLTKJHLFFFL17CA,坡道平面,950000,45.08
RPROMLTKJHLFFFL66CA,坡道平面,700000,45.08
RPUOMLTKJHLFFFL96CA,坡道平面,1100000,45.08
RPTNMLRJJHLFFFL09CA,其他,0,
RPXNMLSJJHLFFFL96CA,升降機械,0,
RPROMLQJJHLFFFL88CA,升降機械,0,
RPOOMLSJJHLFFFL78CA,坡道平面,0,18.18
RPOPMLLMKIKFFHL78CA,坡道平面,0,19.97
RPSOMLMLJHLFFBB47DA,升降機械,0,
RPPNMLPJJHLFFHL68CA,坡道平面,900000,26.46
RPROMLQJJHLFFHL09CA,坡道平面,0,
RPSOMLQJJHLFFHL56CA,坡道機械,0,
RPQNMLPJJHLFFHL78CA,坡道平面,1000000,26.46
RPSNMLSLJHLFFHL86CA,坡道機械,0,
RPTPMLPKJHLFFAB67CA,坡道機械,0,
RPPQMLLKJHLFFAB96CA,坡道平面,0,14.43
RPSRMLLKJHLFFAB37CA,坡道機械,0,16.03
RPPQMLPJJHLFFAB27CA,坡道平面,0,
RPOOMLPJJHLFFBB07CA,其他,0,
RPVRMLPJJHLFFBB08CA,坡道平面,0,
RPXUMLPJJHLFFBB58CA,坡道平面,0,24.92
RPXPMLQLJHLFFBB38CA,坡道平面,0,24.47
RPXPMLQLJHLFFBB38CA,坡道平面,0,24.47
RPRQMLQLJHLFFBB87CA,坡道平面,0,24.47
RPRQMLQLJHLFFBB87CA,坡道平面,0,24.47
RPUPMLQLJHLFFBB08CA,坡道平面,0,24.47
RPUQMLQLJHLFFBB18CA,坡道平面,0,24.47
RPSRMLQLJHLFFBB08CA,坡道平面,0,24.47
RPSRMLQLJHLFFBB08CA,坡道平面,0,24.47
RPWQMLQLJHLFFBB38CA,坡道平面,0,24.47
RPQRMLQLJHLFFBB87CA,坡道平面,0,24.47
RPORMLQLJHLFFBB67CA,坡道平面,0,24.47
RPUSMLQLJHLFFBB38CA,坡道平面,0,24.47
RPQSMLQLJHLFFBB97CA,坡道平面,0,24.47
RPURMLQLJHLFFBB28CA,坡道平面,0,24.47
RPRSMLQLJHLFFBB08CA,坡道平面,0,24.47
RPSSMLQLJHLFFBB18CA,坡道平面,0,24.47
RPVSMLQLJHLFFBB48CA,坡道平面,0,24.47
RPOSMLQLJHLFFBB77CA,坡道平面,0,24.47
RPOSMLQLJHLFFBB77CA,坡道平面,0,24.47
RPWSMLQLJHLFFBB58CA,坡道平面,0,24.47
RPXSMLQLJHLFFBB68CA,坡道平面,0,24.47
RPRQMLRLJHLFFBB97CA,坡道平面,0,24.47
RPRQMLRLJHLFFBB97CA,坡道平面,0,24.47
RPUPMLRLJHLFFBB18CA,坡道平面,0,24.47
RPTQMLRLJHLFFBB18CA,坡道平面,0,24.47
RPTQMLRLJHLFFBB18CA,坡道平面,0,24.47
SPTQMLRLJHLFFBB28CA,坡道平面,0,24.47
SPTQMLRLJHLFFBB28CA,坡道平面,0,24.47
SPRQMLRLJHLFFBB08CA,坡道平面,0,24.47
SPRQMLRLJHLFFBB08CA,坡道平面,0,24.47
RPQRMLSLJHLFFBB08CA,坡道平面,0,24.47
RPQRMLSLJHLFFBB08CA,坡道平面,0,24.47
RPRRMLSLJHLFFBB18CA,坡道平面,0,24.47
RPPRMLSLJHLFFBB97CA,坡道平面,0,24.47
RPSRMLSLJHLFFBB28CA,坡道平面,0,24.47
RPSRMLSLJHLFFBB28CA,坡道平面,0,24.47
RPTRMLSLJHLFFBB38CA,坡道平面,0,24.47
RPTQMLSLJHLFFBB28CA,坡道平面,0,24.47
RPOQMLSLJHLFFBB77CA,坡道平面,0,24.47
RPPQMLSLJHLFFBB87CA,坡道平面,0,24.47
RPPQMLSLJHLFFBB87CA,坡道平面,0,24.47
RPUQMLSLJHLFFBB38CA,坡道平面,0,24.47
RPVQMLSLJHLFFBB48CA,坡道平面,0,24.47
RPWQMLSLJHLFFBB58CA,坡道平面,0,24.47
RPWQMLSLJHLFFBB58CA,坡道平面,0,24.47
RPXQMLSLJHLFFBB68CA,坡道平面,0,24.47
RPSQMLSLJHLFFBB18CA,坡道平面,0,24.47
RPTPMLSLJHLFFBB18CA,坡道平面,0,24.47
RPTPMLSLJHLFFBB18CA,坡道平面,0,24.47
RPOUMLPLJHLFFBB87CA,坡道平面,0,24.47
RPOUMLPLJHLFFBB87CA,坡道平面,0,24.47
RPUSMLPLJHLFFBB28CA,坡道平面,0,24.47
RPUSMLPLJHLFFBB28CA,坡道平面,0,24.47
RPOSMLPLJHLFFBB67CA,坡道平面,0,24.47
RPOSMLPLJHLFFBB67CA,坡道平面,0,24.47
RPSUMLPLJHLFFBB28CA,坡道平面,0,24.47
RPSUMLPLJHLFFBB28CA,坡道平面,0,24.47
RPXTMLPLJHLFFBB68CA,坡道平面,0,24.47
RPRPMLMLJHLFFBB37CA,一樓平面,0,
RPRNMLSLJHLFFBB77CA,坡道平面,0,24.47
RPUSMLOKJHLFFBB08CA,坡道機械,580000,13.32
RPTOMLSLJHLFFBB08CA,坡道平面,0,24.47
RPTVMLSLJHLFFBB78CA,坡道平面,0,24.47
RPTVMLSLJHLFFBB78CA,坡道平面,0,24.47
RPVSMLOKJHLFFBB18CA,坡道機械,720000,13.32
RPOSMLOKJHLFFBB47CA,坡道平面,0,31.10
RPWPMLPJJHLFFCB08CA,坡道平面,0,
RPUNMLLKJHLFFBB27CA,坡道平面,0,
RPOOMLPKJHLFFCB27CA,坡道平面,0,
RPQWNLNKJHLFFCB18CA,坡道平面,0,41.89
RPPNMLQJJHLFFAL08CA,升降機械,360000,13.22
RPWQMLMKJHLFFAB77CA,坡道平面,1100000,36.53
RPPNMLPJJHLFFBB07CA,坡道平面,0,18.92
RPPOMLTKJHLFFAB57CA,坡道平面,0,33.47
RPPOMLTKJHLFFAB57CA,坡道平面,0,33.47
RPRNMLKLJHLFFAB86CA,坡道平面,0,28.84
RPRNMLKLJHLFFAB86CA,坡道平面,0,33.47
RPROMLTKJHLFFAB77CA,坡道平面,0,33.47
RPROMLTKJHLFFAB77CA,坡道平面,0,33.47
RPVOMLTKJHLFFAB18CA,坡道平面,0,33.47
RPVOMLTKJHLFFAB18CA,坡道平面,0,33.47
RPUOMLTKJHLFFAB08CA,坡道平面,0,33.47
RPUOMLTKJHLFFAB08CA,坡道平面,0,33.47
RPSNMLKLJHLFFAB96CA,坡道平面,0,33.46
RPRNMLQJJHLFFGL88CA,坡道平面,1000000,12.97
RPSNMLQJJHLFFGL98CA,坡道平面,1150000,15.09
RPQNMLQJJHLFFGL78CA,坡道平面,1150000,15.09
RPUOMLKKNHNFFIB78EA,升降機械,800000,22.47
RPUOMLKKNHNFFIB78EA,升降機械,550000,16.55
RPXPMLLKJHLFFHL76CA,坡道平面,0,35.79
RPWNMLPLJHLFFAB97DA,坡道平面,200000,
RPTQMLQJJHLFFAB77CA,坡道平面,0,
RPTQMLQJJHLFFAB77CA,坡道平面,0,
RPWNMLSKNHLFFGL47CA,升降機械,800000,22.46
RPOOMLSKNHLFFGL76CA,升降平面,1150000,30.35
RPPOMLSKNHLFFGL86CA,升降平面,1050000,30.35
RPTOMLSKNHLFFGL27CA,升降機械,800000,22.46
RPUOMLSKNHLFFGL37CA,升降機械,800000,22.46
RPPTMLQJJHLFFBB87DA,坡道機械,0,7.59
RPTSMLSJJHLFFBB28CA,坡道平面,0,
RPPNMLNLJHLFFBB07CA,坡道平面,0,28.12
RPPOMLSJJHLFFCB57CA,坡道平面,0,
RPTOMLQJJHLFFCB77CA,坡道機械,0,13.56
RPPPMLMKJHLFFCB17CA,坡道平面,0,29.81
RPPPMLMKJHLFFCB17CA,坡道平面,0,26.45
RPUTMLLKJHLFFCB97CA,坡道機械,0,11.81
RPUTMLLKJHLFFCB97CA,坡道機械,0,11.81
RPPRMLOKJHLFFCB57CA,坡道平面,0,
RPWRNLNKJHLFFCB28CA,坡道平面,0,19.00
RPWRNLNKJHLFFCB28CA,坡道平面,0,20.58
RPWRNLNKJHLFFCB28CA,坡道平面,0,20.58
RPVNMLPLJHLFFCB97CA,坡道機械,0,
RPWRMLMLJHLFFCB18CA,坡道平面,0,
RPUNMLSKJHLFFCB08CA,坡道機械,0,
RPPPMLKLJHLFFCB07CA,坡道機械,0,
RPPPMLKLJHLFFCB07CA,坡道機械,0,
RPXNMLNKJHLFFCL88CA,坡道平面,0,
RPXRMLMKJHLFFBB08CA,坡道機械,0,8.30
RPVNMLOKJHLFFBB67CA,坡道平面,0,
RPSPMLSKJHLFFBB97CA,坡道機械,0,
RPUNMLRJJHLFFAB67CA,坡道平面,0,
RPWNMLRJJHLFFAB87CA,坡道平面,0,12.91
RPWNMLRJJHLFFAB87CA,坡道平面,0,68.53
RPPOMLQLJHLFFAB37CA,坡道機械,0,19.85
RPOPMLNJKHLFFCB27DA,坡道平面,0,
RPOPMLNJKHLFFCB27DA,坡道平面,0,
RPOPMLNJKHLFFCB27DA,坡道平面,0,
RPWOMLMLJHLFFFL56CA,坡道機械,0,
RPPQMLSKJHLFFGL66CA,坡道平面,0,
RPPNMLKLJHLFFFL18CA,坡道平面,1050000,34.73
RPQOMLPKJHLFFFL78CA,坡道機械,0,
RPWSMLLKJHLFFBB97CA,坡道平面,0,18.92
RPPSMLRJJHLFFBB77CA,坡道機械,0,
RPPPMLQLJHLFFBB57CA,坡道平面,0,
RPTOMLKMJHLFFBB37CA,坡道平面,0,
RPUUMLSLJHLFFBB78CA,坡道平面,1300000,23.59
RPTNMLLKJHLFFBB17CA,坡道機械,0,
RPVUMLSLJHLFFBB88CA,坡道平面,1400000,23.59
RPWUMLSLJHLFFBB98CA,坡道平面,1300000,23.59
RPTPMLMLJHLFFBB57CA,坡道平面,0,20.27
RPTUMLPLJHLFFBB38CA,升降機械,600000,19.18
RPTRMLMLJHLFFCB87CA,坡道平面,0,
RPPNMLMJKHLFFBB86CA,坡道平面,0,23.48
RPRNMLSKJHLFFCB77CA,坡道平面,0,21.63
RPRSMLLKJHLFFCB57CA,坡道平面,0,31.62
RPRSMLLKJHLFFCB57CA,坡道平面,0,31.62
RPQNMLSJJHLFFCB57CA,坡道平面,0,27.55
RPQQMLMKJHLFFCB37CA,坡道平面,0,23.18
RPTSMLOKJHLFFCB08CA,坡道平面,0,36.61
RPUQMLRJJHLFFCB18CA,坡道平面,0,36.37
RPUQMLRJJHLFFCB18CA,坡道平面,0,38.02
RPUQMLRJJHLFFCB18CA,坡道平面,0,38.02
RPTUMLLKJHLFFCB97CA,坡道機械,0,13.94
RPSQMLSJJHLFFCB08CA,坡道平面,0,
RPTOMLPLJHLFFCB87CA,坡道平面,0,
RPOOMLPLJHLFFCB37CA,坡道機械,0,
RPVNMLRLJHLFFAL98CA,坡道機械,0,
RPWOMLPKJHLFFCB08CA,坡道平面,0,37.80
RPSNMLLJKHLFFCB17CA,坡道平面,0,
RPSNMLLJKHLFFCB17CA,坡道平面,0,
RPUPMLKMJHLFFCB67CA,坡道平面,0,39.71
RPUPMLKMJHLFFCB67CA,坡道平面,0,39.71
RPVQMLNJKHLFFCB97CA,坡道平面,0,29.75
RPVQMLNJKHLFFCB97CA,坡道平面,0,29.75
RPQNMLMKJHLFFAL87CA,坡道機械,0,
RPWPMLPJKHLFFCB18CA,坡道平面,0,29.75
RPWPMLPJKHLFFCB18CA,坡道平面,0,29.75
RPVNMLMKJHLFFCL58CA,坡道平面,0,
RPPNMLMKJHLFFBB86CA,坡道平面,0,
RPRNMLMKJHLFFBB07CA,坡道機械,0,
RPSNMLPLJHLFFBB57CA,坡道機械,0,
RPQSMLSLJHLFFBB18CA,坡道平面,0,42.99
RPSSMLSLJHLFFBB38CA,坡道平面,0,42.99
RPUQMLMKJHLFFBB67CA,坡道平面,0,30.90
RPWOMLNKJHLFFBB77CA,坡道機械,0,
RPPNMLTKJHLFFBB57CA,坡道平面,0,
RPUSMLSLJHLFFBB58CA,坡道機械,0,14.72
RPTSMLSLJHLFFBB48CA,坡道平面,0,36.37
RPVRMLOKJHLFFBB08CA,坡道平面,0,
RPRPMLMKJHLFFBB27CA,升降機械,0,
RPXNMLTKJHLFFAB28CA,坡道平面,0,
RPQTMLNKJHLFFAB67DA,坡道平面,0,12.52
RPVPMLRKMHNFFIB96EA,升降機械,0,
RPUOMLSJNHNFFIB86EA,坡道平面,1200000,31.91
RPVOMLSJNHNFFIB96EA,坡道平面,1250000,31.91
RPPOMLMKJHLFFGL48CA,坡道平面,1150000,15.09
RPQOMLMKJHLFFGL58CA,坡道平面,1250000,15.09
RPUNMLOKJHLFFGL09CA,坡道平面,0,
RPQSMLSKJHLFFGL96CA,坡道平面,1200000,32.04
RPPSMLSKJHLFFGL86CA,坡道平面,1150000,32.04
RPSSMLSKJHLFFGL17CA,坡道平面,1150000,32.04
RPVSMLSKJHLFFGL47CA,坡道平面,1200000,32.04
RPRSMLSKJHLFFGL07CA,坡道平面,1150000,32.04
RPWSMLSKJHLFFGL57CA,坡道平面,1200000,32.04
RPUSMLSKJHLFFGL37CA,坡道平面,0,29.97
RPUSMLSKJHLFFGL37CA,坡道平面,0,29.97
RPXSMLSKJHLFFGL67CA,坡道平面,1200000,32.04
RPTSMLSKJHLFFGL27CA,坡道平面,1120000,29.97
RPOTMLSKJHLFFGL86CA,坡道平面,1150000,32.04
RPPTMLSKJHLFFGL96CA,坡道平面,0,32.04
RPPTMLSKJHLFFGL96CA,坡道平面,0,32.04
RPRTMLSKJHLFFGL17CA,坡道平面,0,32.04
RPRTMLSKJHLFFGL17CA,坡道平面,0,32.04
RPQTMLSKJHLFFGL07CA,坡道平面,1200000,32.04
RPSTMLSKJHLFFGL27CA,坡道平面,1150000,32.04
RPVNMLNKJHLFFGL09CA,坡道平面,950000,33.09
RPXNMLSKJHLFFGL17CA,坡道平面,0,20.76
RPTNMLNKJHLFFGL88CA,坡道平面,950000,33.09
RPVPMLKLJHLFFGL09CA,坡道平面,0,18.06
RPOPMLLLJHLFFGL48CA,坡道平面,1100000,38.71
RPWOMLLLJHLFFGL56CA,坡道平面,0,40.72
RPWOMLLLJHLFFGL56CA,坡道平面,0,40.72
RPUOMLLLJHLFFGL98CA,坡道平面,1100000,40.72
RPXOMLLLJHLFFGL66CA,坡道平面,1210000,40.72
RPSOMLLLJHLFFGL78CA,坡道平面,0,38.71
RPSOMLLLJHLFFGL78CA,坡道平面,0,40.72
RPOOMLLLJHLFFGL38CA,坡道平面,1050000,38.71
RPVOMLLLJHLFFGL09CA,坡道平面,0,40.72
RPVOMLLLJHLFFGL09CA,坡道平面,0,40.72
RPROMLLLJHLFFGL68CA,坡道平面,1150000,40.72
RPQOMLLLJHLFFGL58CA,坡道平面,1150000,40.72
RPTOMLLLJHLFFGL88CA,坡道平面,0,40.72
RPTOMLLLJHLFFGL88CA,坡道平面,0,40.72
RPTNMLOKJHLFFHL09CA,坡道機械,0,
RPPNMLTKJHLFFHL56CA,坡道平面,0,
RPUNMLTLJHLFFHL17CA,坡道機械,0,
RPQNMLTLJHLFFHL76CA,坡道平面,0,
RPRNMLTLJHLFFHL86CA,坡道機械,0,
RPUQMLMKJHLFFAB57CA,坡道機械,0,
RPWSMLNKJHLFFAB08CA,坡道平面,1050000,38.02
RPVSMLNKJHLFFAB97CA,坡道平面,1100000,38.02
RPSPMLLJKHLFFBB27CA,坡道平面,0,
RPSPMLLJKHLFFBB27CA,坡道平面,0,
RPRNMLMJKHLFFAB96CA,坡道平面,1050000,33.94
RPOPMLMKJHLFFBB96CA,坡道平面,0,
RPRVMLSLJHLFFBB58CA,坡道機械,0,7.29
RPORMLMKJHLFFBB17CA,坡道機械,0,
RPPRMLMKJHLFFBB27CA,坡道機械,0,
RPVNMLLLJHLFFBB47CA,坡道平面,0,21.52
RPQNMLMJLHLFFBB07CA,坡道平面,0,49.35
RPQNMLMJLHLFFBB07CA,坡道平面,0,49.35
RPQOMLMJKHLFFCB17CA,坡道平面,0,
RPPOMLPLJHLFFCB47CA,坡道平面,0,29.81
RPPOMLPLJHLFFCB47CA,坡道平面,0,26.46
RPPPMLMLJHLFFCB27CA,坡道平面,0,19.98
RPPPMLMLJHLFFCB27CA,坡道平面,0,19.98
RPPPMLMLJHLFFCB27CA,坡道平面,0,19.98
RPPPMLMLJHLFFCB27CA,坡道平面,0,23.32
RPUSMLOKJHLFFCB18CA,坡道平面,0,35.91
RPTOMLTLJHLFFCB28CA,坡道平面,0,37.80
RPWPMLOKJHLFFCB08CA,坡道平面,0,
RPSPOLNKJHLFFCB77CA,坡道機械,0,
RPVPMLTKJHLFFCB48CA,坡道平面,0,
RPSPMLSKJHLFFCB08CA,坡道機械,0,
RPTRMLOKJHLFFCB97CA,坡道機械,0,
RPONOLNKJHLFFCB17CA,坡道平面,0,24.05
SPQPMLNJKHLFFCB47CA,坡道機械,550000,11.57
RPUOMLNKJHLFFAL48CA,坡道機械,0,
RPUNMLNKJHLFFAL38CA,坡道平面,0,
RPORMLTKJHLFFBB87CA,坡道機械,0,
RPORMLTKJHLFFBB87CA,坡道機械,0,
RPQPMLLLJHLFFBB17CA,坡道平面,0,
RPSOMLOJKHLFFBB47CA,坡道平面,0,38.27
RPUTMLNKJHLFFAB97CA,坡道機械,0,
RPQOMLOKJHLFFAB17CA,坡道平面,0,
RPPNMLTKJHLFFAB47CA,坡道平面,0,
RPSOMLNKJHLFFHL98CA,坡道平面,0,33.46
RPTQMLPKJHLFFCB08DA,坡道平面,0,
RPQOMLOKJHLFFFL68CA,一樓平面,0,
RPPNMLLLJHLFFHL48CA,坡道平面,0,38.36
RPORMLTKJHLFFFL66CA,一樓平面,0,
RPQOMLKLJHLFFGL48CA,坡道平面,0,
RPPOMLTKJHLFFGL56CA,坡道平面,0,32.36
RPQOMLSKJHLFFGL56CA,坡道平面,0,
RPQOMLTKJHLFFHL76CA,坡道機械,0,
RPVOMLPKJHLFFBB97DA,坡道平面,0,31.73
RPWOMLOKJHLFFAB77CA,坡道機械,0,
RPTNMLQKJHLFFAB57CA,坡道平面,0,36.26
RPTNMLQKJHLFFAB57CA,坡道平面,0,36.26
RPWPMLPKJHLFFAB97CA,坡道平面,0,
RPSNMLQKJHLFFAB47CA,坡道平面,0,36.26
RPSNMLQKJHLFFAB47CA,坡道平面,0,36.26
RPUNMLQKJHLFFAB67CA,坡道平面,0,36.26
RPUNMLQKJHLFFAB67CA,坡道平面,0,36.26
RPWQMLOKJHLFFBB08CA,坡道平面,0,33.16
RPTOMLOKJHLFFBB57CA,坡道機械,0,10.49
RPPNMLQKJHLFFBB27CA,坡道平面,1350000,32.06
RPRNMLPLJHLFFBB47CA,坡道平面,0,
RPPPMLPLJHLFFBB47CA,坡道平面,0,18.57
RPXOMLKLJHLFFCB77CA,坡道平面,0,
RPQOMLKLJHLFFCB07CA,坡道平面,0,15.83
RPQOMLKLJHLFFCB07CA,坡道平面,0,18.04
RPQOMLKLJHLFFCB07CA,坡道平面,0,15.83
RPPOMLRLJHLFFCB67CA,坡道平面,0,26.52
RPPOMLRLJHLFFCB67CA,坡道平面,0,26.52
RPVNMLMLKHLFFCB77CA,坡道機械,0,
RPVNMLMLKHLFFCB77CA,坡道機械,0,
RPPPMLTLJHLFFCB97CA,坡道機械,0,13.92
RPRNMLKLJHLFFCB07CA,坡道平面,0,36.37
RPWOMLMLJHLFFCB87CA,坡道平面,1650000,14.76
RPWOMLMLJHLFFCB87CA,坡道平面,1650000,14.76
TPWOMLMLJHLFFCB08CA,坡道平面,1750000,17.27
TPWOMLMLJHLFFCB08CA,坡道平面,1750000,17.27
SPWOMLMLJHLFFCB97CA,坡道平面,1750000,17.27
SPWOMLMLJHLFFCB97CA,坡道平面,1750000,17.27
RPXNMLMLJHLFFCB87CA,坡道平面,1100000,14.76
RPOOMLMLJHLFFCB07CA,坡道平面,1650000,17.27
RPOOMLMLJHLFFCB07CA,坡道平面,1650000,17.27
RPPOMLMLJHLFFCB17CA,坡道平面,1450000,17.27
RPPOMLMLJHLFFCB17CA,坡道平面,1450000,17.27
RPPNMLLLJHLFFCB96CA,坡道機械,0,
RPOSMLPKJHLFFCB67CA,坡道平面,0,27.22
RPORMLPKJHLFFCB57CA,坡道平面,875000,33.13
RPORMLPKJHLFFCB57CA,坡道平面,875000,33.13
RPRQMLOKJHLFFCB67CA,坡道平面,0,
RPTOMLPKJHLFFCB77CA,坡道平面,0,
RPTOMLPKJHLFFCB77CA,坡道平面,0,
RPRNMLLLJHLFFCB17CA,坡道機械,0,
RPPPMLOKJHLFFCB37CA,坡道平面,0,24.92
RPUQMLQLJHLFFCB28CA,坡道機械,0,
RPQRMLRLJHLFFCB08CA,坡道平面,0,21.50
RPWRMLRLJHLFFCB68CA,坡道平面,0,
RPUNMLLJKHLFFCB37CA,坡道平面,0,
RPQQMLMJKHLFFCB37CA,坡道平面,0,
RPVPMLRLJHLFFBB28CA,坡道平面,0,
RPUNMLQLJHLFFBB87CA,坡道機械,0,15.84
RPUTMLSLJHLFFBB68CA,坡道平面,0,
RPTPMLLLJHLFFBB47CA,坡道平面,0,
RPVQMLKLJHLFFBB67CA,坡道機械,0,17.24
RPVQMLKLJHLFFBB67CA,坡道機械,0,17.24
RPQOMLPKJHLFFBB37CA,坡道平面,0,28.55
RPRSMLOKJHLFFBB77CA,坡道機械,0,
RPROMLPKJHLFFBB47CA,坡道機械,0,22.50
RPURMLLLJHLFFBB77CA,坡道平面,0,
RPURMLLLJHLFFBB77CA,坡道平面,0,
RPRPMLSKJHLFFBB87CA,升降平面,0,
RPTOMLTKJHLFFBB08CA,升降機械,0,19.89
RPUOMLLJKHLFFBB37CA,坡道平面,1300000,22.46
RPTNMLSKJHLFFAB77CA,坡道平面,0,
RPXOMLSKJHLFFBB38CA,坡道機械,0,
RPPPMLPKJHLFFAB27CA,升降平面,0,
RPTNMLPKJHLFFAB47CA,坡道機械,0,
RPPOMLKLJHLFFAB76CA,坡道平面,0,30.26
RPPOMLKLJHLFFAB76CA,坡道平面,0,27.03
RPUNMLRLJHLFFAB87CA,坡道平面,0,22.62
RPUNMLRLJHLFFAB87CA,坡道平面,0,22.62
RPPQMLLLJHLFFAB07CA,坡道平面,1100000,38.02
RPOQMLLLJHLFFAB96CA,坡道平面,1100000,38.02
RPXPMLLLJHLFFAB77CA,坡道平面,1100000,38.02
RPXRMLMLJHLFFCB38DA,坡道機械,0,
RPPNMLSKJHLFFBB57DA,坡道平面,0,24.22
RPVNMLMLJHLFFFL98CA,坡道平面,0,
RPXNMLQLJHLFFGL07CA,坡道平面,0,
RPXNMLPKJHLFFGL86CA,坡道平面,1100000,33.09
RPOOMLTKJHLFFGL09CA,坡道平面,0,
RPOOMLTKJHLFFGL09CA,坡道平面,0,
RPUOMLPLJHLFFGL76CA,坡道平面,0,
RPSNMLLLJHLFFFL58CA,坡道平面,1350000,30.29
RPTNMLSKJHLFFFL66CA,坡道機械,0,
RPWOMLSJNHNFFIB07EA,坡道平面,1100000,31.91
RPQOMLSJNHNFFIB09EA,坡道平面,1150000,28.21
RPSOMLSJNHNFFIB66EA,坡道平面,1200000,31.91
RPROMLSJNHNFFIB56EA,坡道平面,1250000,31.91
RPRNMLPKJHLFFHL98CA,坡道平面,900000,23.17
RPSNMLPKJHLFFHL09CA,坡道平面,0,23.17
RPTNMLPKJHLFFHL56CA,坡道平面,0,23.17
RPQNMLPKJHLFFHL88CA,坡道平面,850000,23.17
RPUNMLPKJHLFFHL66CA,坡道平面,0,19.97
RPVNMLPKJHLFFHL76CA,坡道平面,1000000,23.17
RPTOMLTKJHLFFAB08DA,坡道平面,300000,14.99
RPOOMLMJKHLFFHL48CA,坡道平面,0,
RPOOMLMJKHLFFHL48CA,坡道平面,0,
RPOOMLLJKHLFFFL18CA,坡道平面,0,34.73
RPXNMLLJKHLFFFL98CA,坡道平面,0,
WPTOMLTKJHLFFAB58DA,坡道機械,150000,6.19
SPTOMLTKJHLFFAB18DA,坡道平面,300000,14.99
VPTOMLTKJHLFFAB48DA,坡道機械,0,6.19
VPTOMLTKJHLFFAB48DA,坡道機械,0,6.19
XPTOMLTKJHLFFAB68DA,坡道機械,150000,6.19
TPTOMLTKJHLFFAB28DA,坡道機械,150000,6.19
UPTOMLTKJHLFFAB38DA,坡道機械,150000,6.19
YPTOMLTKJHLFFAB78DA,坡道機械,150000,6.19
ZPTOMLTKJHLFFAB88DA,坡道機械,150000,6.19
RPOOMLTKJHLFFAB47CA,坡道機械,0,
RPQQMLMJKHLFFBB27CA,坡道機械,0,
RPOOMLKMJHLFFBB86CA,坡道平面,0,
RPOOMLKMJHLFFBB86CA,坡道平面,0,
RPSRMLLLJHLFFBB57CA,坡道平面,1250000,36.39
RPTRMLLLJHLFFBB67CA,坡道平面,1350000,36.21
RPXUMLSLJHLFFBB09CA,坡道平面,0,23.59
RPXUMLSLJHLFFBB09CA,坡道平面,0,23.59
RPOVMLSLJHLFFBB28CA,坡道平面,1300000,23.59
RPPVMLSLJHLFFBB38CA,坡道平面,1400000,23.59
RPQPMLQLJHLFFBB67CA,坡道平面,0,32.97
RPQPMLQLJHLFFBB67CA,坡道平面,0,32.97
RPROMLSKJHLFFBB77CA,坡道平面,0,
RPUNMLTLJHLFFBB18CA,坡道機械,0,
RPRPMLQLJHLFFBB77CA,坡道平面,0,32.97
RPRPMLQLJHLFFBB77CA,坡道平面,0,32.97
RPUOMLQLJHLFFBB97CA,坡道平面,0,32.97
RPUOMLQLJHLFFBB97CA,坡道平面,0,32.97
RPOPMLQLJHLFFBB47CA,坡道平面,0,32.97
RPOPMLQLJHLFFBB47CA,坡道平面,0,32.97
RPOPMLQLJHLFFBB47CA,坡道平面,0,32.97
RPVOMLQLJHLFFBB08CA,坡道平面,0,32.97
RPVOMLQLJHLFFBB08CA,坡道平面,0,32.97
RPWOMLQLJHLFFBB18CA,坡道平面,0,32.97
RPWOMLQLJHLFFBB18CA,坡道平面,0,32.97
RPTPMLQLJHLFFBB97CA,坡道平面,0,32.97
RPTPMLQLJHLFFBB97CA,坡道平面,0,32.97
RPSQMLQLJHLFFBB97CA,坡道平面,0,32.97
RPSQMLQLJHLFFBB97CA,坡道平面,0,32.97
RPPQMLQLJHLFFBB67CA,坡道平面,0,32.97
RPPQMLQLJHLFFBB67CA,坡道平面,0,32.97
RPTQMLQLJHLFFBB08CA,坡道平面,0,32.97
RPTQMLQLJHLFFBB08CA,坡道平面,0,32.97
RPVQMLQLJHLFFBB28CA,坡道平面,0,32.97
RPVQMLQLJHLFFBB28CA,坡道平面,0,32.97
RPSPMLQLJHLFFBB87CA,坡道平面,0,32.97
RPSPMLQLJHLFFBB87CA,坡道平面,0,32.97
RPVPMLQLJHLFFBB18CA,坡道平面,0,32.97
RPVPMLQLJHLFFBB18CA,坡道平面,0,32.97
RPQQMLQLJHLFFBB77CA,坡道平面,0,32.97
RPQQMLQLJHLFFBB77CA,坡道平面,0,32.97
RPWPMLQLJHLFFBB28CA,坡道平面,0,32.97
RPWPMLQLJHLFFBB28CA,坡道平面,0,32.97
RPXRMLQLJHLFFBB58CA,坡道平面,0,32.97
RPXRMLQLJHLFFBB58CA,坡道平面,0,32.97
RPVRMLQLJHLFFBB38CA,坡道平面,0,32.97
RPVRMLQLJHLFFBB38CA,坡道平面,0,32.97
RPVRMLQLJHLFFBB38CA,坡道平面,0,32.97
RPVRMLQLJHLFFBB38CA,坡道平面,0,32.97
RPTRMLQLJHLFFBB18CA,坡道平面,0,32.97
RPTRMLQLJHLFFBB18CA,坡道平面,0,32.97
RPTRMLQLJHLFFBB18CA,坡道平面,0,32.97
RPTRMLQLJHLFFBB18CA,坡道平面,0,32.97
RPTRMLQLJHLFFBB18CA,坡道平面,0,32.97
RPTRMLQLJHLFFBB18CA,坡道平面,0,32.97
RPXQMLQLJHLFFBB48CA,坡道平面,0,32.97
RPXQMLQLJHLFFBB48CA,坡道平面,0,32.97
RPPRMLQLJHLFFBB77CA,坡道平面,0,32.97
RPPRMLQLJHLFFBB77CA,坡道平面,0,32.97
RPPRMLQLJHLFFBB77CA,坡道平面,0,32.97
RPOOMLTLJHLFFCL78CA,坡道平面,0,
RPOOMLTLJHLFFCL78CA,坡道平面,0,
RPPOMLTLJHLFFCL88CA,坡道平面,0,
RPPOMLTLJHLFFCL88CA,坡道平面,0,
RPWPMLPJKHLFFCL56CA,一樓平面,0,
RPXNMLPLJHLFFCB18CA,坡道平面,0,16.63
RPQOMLTLJHLFFCB97CA,坡道平面,0,
RPVOMLPKJHLFFCB97CA,坡道機械,0,
RPORMLRLJHLFFCB87CA,坡道平面,0,31.77
RPTRMLRLJHLFFCB38CA,坡道平面,0,
RPUNMLLLJHLFFCB47CA,坡道機械,0,14.22
RPRPMLSKJHLFFCB97CA,升降機械,0,
RPXNMLKLJHLFFCB67CA,坡道平面,0,28.59
RPQPMLLLJHLFFCB27CA,坡道平面,0,29.41
RPWQMLTLJHLFFCB78CA,坡道平面,0,16.59
RPSQMLRLJHLFFCB18CA,坡道平面,0,
RPVNMLPKKHLFFCB97CA,坡道平面,0,
RPVNMLPKKHLFFCB97CA,坡道平面,0,
RPWNMLRLJHLFFAL09CA,坡道機械,0,
RPVSMLSLJHLFFBB68CA,坡道平面,0,42.99
RPQQMLMLJHLFFBB37CA,坡道平面,0,26.55
RPTNMLKLJHLFFBB17CA,升降機械,0,
RPVPMLKLJHLFFBB57CA,坡道平面,0,
RPXNMLKLJHLFFBB57CA,坡道平面,0,
RPXNMLKLJHLFFBB57CA,坡道機械,0,
RPXNMLKLJHLFFBB57CA,坡道機械,0,
RPPSMLTKJHLFFBB08CA,坡道平面,0,25.43
RPWOMLLJKHLFFBB57CA,坡道平面,1250000,22.46
RPXOMLTKJHLFFAB38CA,坡道機械,0,11.60
RPPOMLKMJHLFFBB96CA,升降機械,0,
RPPPMLLLJHLFFAB96CA,坡道平面,1500000,22.91
RPWOMLRLJHLFFAB18CA,坡道機械,0,
RPOPMLMJKHLFFAB86CA,坡道機械,0,
RPPPMLQKKHLFFCB77DA,坡道平面,0,
RPPOMLKLJHLFFBB96DA,坡道平面,0,
RPPOMLKLJHLFFBB96DA,坡道平面,0,
RPUOMLTLJHLFFHL27CA,坡道平面,0,
RPTOMLTLJHLFFHL17CA,坡道平面,0,
RPWOMLTLJHLFFHL47CA,坡道機械,0,
RPQNMLKLJHLFFHL48CA,坡道機械,0,
RPXNMLRLJHLFFHL27CA,坡道平面,0,
RPOOMLTLJHLFFHL66CA,坡道機械,0,
RPWNMLTLJHLFFHL37CA,坡道機械,0,
RPXNMLTLJHLFFHL47CA,坡道機械,0,
RPXNMLTLJHLFFHL47CA,坡道機械,0,
RPQOMLTLJHLFFHL86CA,坡道機械,0,
RPROMLTLJHLFFHL96CA,坡道機械,0,
RPPOMLTLJHLFFHL76CA,坡道平面,0,
RPSNMLPLJHLFFHL56CA,坡道平面,0,
RPQNMLQKKHLFFFL88CA,坡道機械,0,
RPPPMLKLJHLFFGL48CA,升降平面,0,
RPQOMLRLJHLFFGL56CA,坡道平面,0,
RPTPMLKMJHLFFGL98CA,升降機械,370000,7.02
RPUNMLOJKHLFFGL09CA,升降機械,450000,7.02
RPUOMLKMJHLFFGL98CA,升降機械,200000,7.02
RPWOMLKMJHLFFGL56CA,升降機械,450000,7.02
RPWOMLKMJHLFFGL56CA,升降機械,450000,7.02
RPROMLKMJHLFFGL68CA,升降機械,380000,7.02
RPTOMLKMJHLFFGL88CA,升降機械,350000,7.02
RPXOMLKMJHLFFGL66CA,升降機械,475000,7.02
RPXOMLKMJHLFFGL66CA,升降機械,475000,7.02
RPVOMLKMJHLFFGL09CA,升降機械,282400,7.02
RPSOMLKMJHLFFGL78CA,升降機械,320000,7.02
RPSOMLKMJHLFFGL78CA,升降機械,420000,7.02
RPOPMLKMJHLFFGL48CA,升降機械,460000,7.02
RPTNMLRLJHLFFFL66CA,坡道機械,0,
RPPPMLTLJHLFFHL86CA,其他,0,
RPWNMLPJKHLFFHL86CA,坡道平面,0,
RPOOMLLJKHLFFAB66CA,坡道平面,0,
RPXPMLMJKHLFFBB87CA,坡道機械,580000,13.32
RPSNMLNJKHLFFBB27CA,坡道機械,0,13.58
RPOPMLMLJHLFFBB07CA,坡道機械,0,
RPWOMLLLJHLFFBB67CA,其他,0,
RPWOMLLLJHLFFBB67CA,其他,0,
RPPNMLQLJHLFFBB37CA,坡道平面,0,
RPWTMLSLJHLFFBB88CA,坡道機械,0,
RPUNMLPKKHLFFBB77CA,坡道平面,0,
RPSPMLPJKHLFFBB67CA,坡道平面,0,
RPVQMLPJKHLFFBB08CA,坡道機械,0,
RPTNMLNLJHLFFCB57CA,坡道機械,0,13.20
RPPNMLSLJHLFFCB67CA,坡道平面,0,31.14
RPPNMLSLJHLFFCB67CA,坡道平面,0,31.14
RPQQMLKLJHLFFCB27CA,坡道平面,0,
RPROMLNLKHLFFCB57CA,其他,0,
RPROMLNLKHLFFCB57CA,其他,0,
RPWOMLQLJHLFFCB28CA,坡道平面,0,31.49
RPWOMLQLJHLFFCB28CA,坡道機械,0,23.34
RPWOMLQLJHLFFCB28CA,坡道機械,0,23.34
RPQPMLKLJHLFFCB17CA,坡道平面,0,28.42
RPROMLPLJHLFFCB67CA,坡道機械,0,
RPXNMLLLJHLFFCB77CA,坡道平面,0,33.09
RPXNMLLLJHLFFCB77CA,坡道平面,0,31.46
RPPPMLPLJHLFFCB57CA,坡道平面,0,
RPTNMLLLJHLFFCB37CA,坡道平面,1450000,29.03
RPXNMLSLJHLFFCB48CA,坡道平面,1320000,33.79
RPPOMLSLJHLFFCB77CA,坡道平面,0,22.50
RPXNMLPJKHLFFCB08CA,坡道機械,0,
RPRRMLRLJHLFFCB18CA,坡道平面,0,
RPPQMLPLJHLFFCB67CA,坡道平面,0,32.12
RPPQMLPLJHLFFCB67CA,坡道平面,0,32.12
RPXOMLPLJHLFFCB28CA,坡道平面,0,14.81
RPXOMLPLJHLFFCB28CA,坡道平面,0,14.81
RPXNMLQLJHLFFCB28CA,坡道平面,0,17.52
RPXNMLQLJHLFFCB28CA,坡道平面,0,17.52
RPUOMLNJKHLFFCB67CA,坡道平面,0,
RPXSMLLJKHLFFCB18CA,坡道平面,0,25.76
RPXSMLLJKHLFFCB18CA,坡道平面,0,25.76
RPOQMLTLJHLFFCB97CA,坡道平面,0,
RPRQMLLJKHLFFCB37CA,坡道平面,0,20.03
RPRQMLLJKHLFFCB37CA,坡道平面,0,23.07
RPSQMLKLJHLFFBB37CA,坡道機械,0,
RPXQMLLLJHLFFBB97CA,坡道平面,1100000,32.06
RPQNMLTLJHLFFBB77CA,坡道平面,0,24.92
RPXNMLLLJHLFFBB67CA,坡道機械,0,17.37
RPTPMLPJKHLFFBB77CA,坡道機械,0,17.37
RPPPMLMJKHLFFBB07CA,坡道平面,1100000,32.77
RPUNMLPLJHLFFBB77CA,坡道平面,0,22.61
RPWPMLKLJHLFFBB67CA,坡道平面,0,
RPOPMLLJKHLFFBB86CA,坡道平面,1200000,28.51
RPXOMLLJKHLFFBB67CA,坡道平面,1200000,28.51
RPRNMLMJKHLFFBB07CA,坡道平面,0,23.48
RPXQMLLJKHLFFBB87CA,升降機械,0,
RPQNMLMJKHLFFBB96CA,坡道平面,0,23.48
RPXPMLMLJHLFFBB97CA,坡道平面,0,
RPVQMLRKKHLFFAB28CA,坡道平面,0,23.33
RPVQMLRKKHLFFAB28CA,坡道平面,2400000,23.33
RPWQMLRKKHLFFAB38CA,坡道平面,1200000,23.33
RPTQMLRKKHLFFAB08CA,坡道平面,1250000,23.33
RPPQMLRKKHLFFAB67CA,坡道平面,0,23.33
RPPQMLRKKHLFFAB67CA,坡道平面,2550000,23.33
RPOQMLRKKHLFFAB57CA,坡道平面,1150000,23.33
RPXPMLRKKHLFFAB38CA,坡道平面,1100000,23.33
RPRQMLRKKHLFFAB87CA,坡道平面,1150000,23.33
RPSQMLRKKHLFFAB97CA,坡道平面,0,23.33
RPSQMLRKKHLFFAB97CA,坡道平面,2300000,23.33
RPQQMLRKKHLFFAB77CA,坡道平面,1250000,23.33
RPWPMLRKKHLFFAB28CA,坡道平面,1350000,23.33
RPXQMLRKKHLFFAB48CA,坡道平面,1200000,23.33
RPORMLRKKHLFFAB67CA,坡道平面,1150000,23.33
RPURMLRKKHLFFAB28CA,坡道平面,0,23.33
RPURMLRKKHLFFAB28CA,坡道平面,2400000,23.33
RPSRMLRKKHLFFAB08CA,坡道平面,1200000,23.33
RPTRMLRKKHLFFAB18CA,坡道平面,0,23.33
RPTRMLRKKHLFFAB18CA,坡道平面,2400000,23.33
RPPRMLRKKHLFFAB77CA,坡道平面,0,23.33
RPPRMLRKKHLFFAB77CA,坡道平面,2300000,23.33
RPRRMLRKKHLFFAB97CA,坡道平面,1350000,23.33
RPVNMLRKKHLFFAB97CA,坡道平面,1150000,23.33
RPTNMLRKKHLFFAB77CA,坡道平面,0,23.33
RPTNMLRKKHLFFAB77CA,坡道平面,2200000,23.33
RPQRMLRKKHLFFAB87CA,坡道平面,0,23.33
RPUNMLRKKHLFFAB87CA,坡道平面,1250000,23.33
RPQRMLRKKHLFFAB87CA,坡道平面,2600000,23.33
RPUNMLPKKHLFFAB67CA,坡道平面,1250000,23.33
RPWNMLRKKHLFFAB08CA,坡道平面,0,23.33
RPWNMLRKKHLFFAB08CA,坡道平面,2400000,23.33
RPTOMLRKKHLFFAB87CA,坡道平面,0,23.33
RPTOMLRKKHLFFAB87CA,坡道平面,2700000,23.33
RPXNMLRKKHLFFAB18CA,坡道平面,1150000,23.33
RPPOMLRKKHLFFAB47CA,坡道平面,1200000,23.33
RPWNMLPKKHLFFAB87CA,坡道平面,0,23.33
RPWNMLPKKHLFFAB87CA,坡道平面,2700000,23.33
RPXNMLPKKHLFFAB97CA,坡道平面,0,23.33
RPQOMLRKKHLFFAB57CA,坡道平面,1350000,23.33
RPROMLPKKHLFFAB47CA,坡道平面,1250000,23.33
RPSOMLPKKHLFFAB57CA,坡道平面,1200000,23.33
RPPOMLPKKHLFFAB27CA,坡道平面,0,23.33
RPPOMLPKKHLFFAB27CA,坡道平面,2000000,23.33
RPTOMLPKKHLFFAB67CA,坡道平面,1150000,23.33
RPSPMLPKKHLFFAB67CA,坡道平面,0,23.33
RPSPMLPKKHLFFAB67CA,坡道平面,2400000,23.33
RPOPMLPKKHLFFAB27CA,坡道平面,0,23.33
RPOPMLPKKHLFFAB27CA,坡道平面,0,23.33
RPOPMLPKKHLFFAB27CA,坡道平面,3000000,23.33
RPVOMLPKKHLFFAB87CA,坡道平面,1050000,23.33
RPXOMLPKKHLFFAB08CA,坡道平面,1250000,23.33
RPUOMLPKKHLFFAB77CA,坡道平面,0,23.33
RPUOMLPKKHLFFAB77CA,坡道平面,2900000,23.33
RPWOMLPKKHLFFAB97CA,坡道平面,0,23.33
RPWOMLPKKHLFFAB97CA,坡道平面,1980000,23.33
RPPPMLPKKHLFFAB37CA,坡道平面,1200000,23.33
RPQPMLPKKHLFFAB47CA,坡道平面,1250000,23.33
RPRPMLPKKHLFFAB57CA,坡道平面,1250000,23.33
RPTPMLPKKHLFFAB77CA,坡道平面,1250000,23.33
RPUPMLPKKHLFFAB87CA,坡道平面,0,23.33
RPUPMLPKKHLFFAB87CA,坡道平面,2400000,23.33
RPWPMLPKKHLFFAB08CA,坡道平面,1450000,23.33
RPVPMLPKKHLFFAB97CA,坡道平面,1100000,23.33
RPXPMLPKKHLFFAB18CA,坡道平面,1200000,23.33
RPOQMLPKKHLFFAB37CA,坡道平面,0,23.33
RPOQMLPKKHLFFAB37CA,坡道平面,2680000,23.33
RPPQMLPKKHLFFAB47CA,坡道平面,0,23.33
RPPQMLPKKHLFFAB47CA,坡道平面,2500000,23.33
RPRQMLPKKHLFFAB67CA,坡道平面,1350000,23.33
RPTQMLPKKHLFFAB87CA,坡道平面,0,23.33
RPTQMLPKKHLFFAB87CA,坡道平面,2200000,23.33
RPSQMLPKKHLFFAB77CA,坡道平面,0,23.33
RPSQMLPKKHLFFAB77CA,坡道平面,2400000,23.33
RPUQMLPKKHLFFAB97CA,坡道平面,1350000,23.33
RPWQMLPKKHLFFAB18CA,坡道平面,1150000,23.33
RPVQMLPKKHLFFAB08CA,坡道平面,0,23.33
RPVQMLPKKHLFFAB08CA,坡道平面,2680000,23.33
RPXNMLPLJHLFFAB97CA,坡道平面,0,26.46
RPXNMLPLJHLFFAB97CA,坡道平面,0,26.46
RPSOMLLJKHLFFHL78CA,坡道平面,0,
RPPPMLRKKHLFFAB77EA,坡道平面,0,
RPQOMLMJKHLFFGL58CA,坡道平面,0,
RPOOMLMJKHLFFGL38CA,坡道平面,0,
RPPOMLMJKHLFFGL48CA,坡道平面,0,
RPROMLMJKHLFFGL68CA,坡道平面,0,
RPSOMLMJKHLFFGL78CA,坡道平面,0,
RPUOMLMJKHLFFGL98CA,坡道平面,0,
RPXNMLMJKHLFFGL56CA,坡道平面,0,
RPXNMLMJKHLFFGL56CA,升降機械,0,
RPTOMLMJKHLFFGL88CA,升降機械,0,
RPOPMLMJKHLFFGL48CA,坡道平面,0,
RPWOMLMJKHLFFGL56CA,坡道平面,0,
RPUNMLRLJHLFFGL86CA,坡道平面,0,
RPQNMLLLJHLFFGL48CA,坡道平面,1150000,12.97
RPRNMLLLJHLFFGL58CA,坡道平面,1150000,15.09
RPSNMLLLJHLFFGL68CA,坡道平面,1100000,15.09
RPQPMLKMJHLFFGL68CA,升降機械,470000,7.02
RPSNMLLJKHLFFGL58CA,坡道機械,0,
RPOQMLKMJHLFFGL58CA,坡道平面,1050000,38.71
RPRQMLKMJHLFFGL88CA,坡道平面,1100000,40.72
RPSQMLKMJHLFFGL98CA,坡道平面,0,40.72
RPSQMLKMJHLFFGL98CA,坡道平面,0,40.72
RPPQMLKMJHLFFGL68CA,坡道平面,1150000,40.72
RPQQMLKMJHLFFGL78CA,坡道平面,1100000,40.72
RPTQMLKMJHLFFGL09CA,坡道平面,0,40.72
RPTQMLKMJHLFFGL09CA,坡道平面,0,40.72
RPUQMLKMJHLFFGL56CA,坡道平面,0,40.72
RPUQMLKMJHLFFGL56CA,坡道平面,0,40.72
RPVQMLKMJHLFFGL66CA,坡道平面,0,40.72
RPVQMLKMJHLFFGL66CA,坡道平面,0,40.72
RPWQMLKMJHLFFGL76CA,坡道平面,1100000,40.72
RPORMLKMJHLFFGL68CA,坡道平面,0,40.72
RPORMLKMJHLFFGL68CA,坡道平面,0,40.72
RPPRMLKMJHLFFGL78CA,坡道平面,1100000,40.72
RPXQMLKMJHLFFGL86CA,坡道平面,0,40.72
RPXQMLKMJHLFFGL86CA,坡道平面,0,40.72
RPUNMLKMJHLFFGL88CA,坡道平面,1150000,32.04
RPSOMLPJKHLFFFL98CA,坡道平面,0,
RPTNMLKMJHLFFGL78CA,坡道平面,1200000,32.04
RPVNMLKMJHLFFGL98CA,坡道平面,1200000,32.04
RPPNMLPLJHLFFFL68CA,坡道平面,0,
RPUPMLLJKHLFFHL09CA,坡道平面,0,
RPXNMLPJKHLFFHL96CA,坡道機械,0,
RPOOMLPJKHLFFHL78CA,坡道平面,0,
RPPNMLMJKHLFFHL48CA,坡道平面,0,
RPRNMLMJKHLFFHL68CA,坡道平面,0,
RPQNMLNKKHLFFIL88CA,一樓平面,0,
RPQNMLNKKHLFFIL88CA,一樓平面,0,
RPUNMLNKKHLFFIL66CA,一樓平面,0,
RPOOMLPLJHLFFIL98CA,坡道機械,0,
RPSOMLQLJHLFFAB67CA,一樓平面,0,
RPOOMLQLJHLFFAB27CA,坡道平面,0,30.84
RPWNMLMLJHLFFAB57CA,坡道機械,0,9.95
RPXNMLTLJHLFFAB38CA,坡道平面,0,
RPVNMLPKKHLFFAB77CA,坡道平面,1200000,23.33
TPSNMLPKKHLFFAB67CA,坡道平面,1200000,23.33
RPSNMLPKKHLFFAB47CA,坡道平面,0,23.33
RPSNMLPKKHLFFAB47CA,坡道平面,2550000,23.33
SPSNMLPKKHLFFAB57CA,坡道平面,2550000,23.33
SPSNMLPKKHLFFAB57CA,坡道平面,0,23.33
RPPNMLLMJHLFFBB96CA,坡道平面,0,
RPUQMLOJKHLFFBB87CA,坡道平面,0,
RPWOMLMLJHLFFBB77CA,坡道機械,0,
RPWOMLMLJHLFFBB77CA,坡道機械,0,
RPTNMLPKKHLFFBB67CA,坡道機械,0,
RPWNMLQLJHLFFBB08CA,坡道平面,0,
RPXRMLSLJHLFFBB78CA,升降機械,0,
RPURMLSLJHLFFBB48CA,坡道平面,0,
RPWRMLSLJHLFFBB68CA,升降平面,0,
RPORMLSLJHLFFBB87CA,坡道平面,0,
RPWTMLQLJHLFFBB68CA,坡道平面,0,
RPWTMLQLJHLFFBB68CA,坡道平面,0,
RPPSMLQLJHLFFBB87CA,坡道平面,0,21.53
RPWNMLLMNHNFFIB98CA,坡道平面,0,40.72
RPWNMLLMNHNFFIB98CA,坡道平面,0,40.72
RPWPMLNJKHLFFCB97CA,坡道機械,0,16.71
RPWPMLNJKHLFFCB97CA,坡道機械,0,16.71
RPROMLRLJHLFFCB87CA,坡道平面,1700000,26.52
RPROMLRLJHLFFCB87CA,坡道平面,1700000,26.52
RPXNMLRLJHLFFCB38CA,坡道平面,0,31.62
RPXNMLRLJHLFFCB38CA,坡道機械,0,15.81
RPXNMLRLJHLFFCB38CA,坡道機械,0,15.81
RPTNMLTLJHLFFCB18CA,坡道機械,0,
RPWOMLPLJHLFFCB18CA,坡道平面,0,24.26
RPWOMLPLJHLFFCB18CA,坡道機械,0,13.23
RPWOMLPLJHLFFCB18CA,坡道機械,0,13.23
RPUOMLPLJHLFFCB97CA,坡道平面,0,24.26
RPUOMLPLJHLFFCB97CA,坡道機械,0,13.23
RPUOMLPLJHLFFCB97CA,坡道機械,0,13.23
RPRNMLNLJHLFFCB37CA,坡道平面,0,32.10
RPVRMLMLJHLFFCB08CA,坡道機械,0,
RPWPMLTLJHLFFCB68CA,坡道平面,0,13.89
RPUQMLMLJHLFFCB87CA,坡道機械,0,
RPQOMLQLJHLFFCB67CA,坡道平面,0,23.14
RPQOMLQLJHLFFCB67CA,坡道平面,0,23.14
RPQQMLPLJHLFFCB77CA,坡道平面,0,23.27
RPQQMLPLJHLFFCB77CA,坡道平面,0,23.27
RPROMLQLJHLFFCB77CA,坡道平面,1250000,33.13
RPROMLQLJHLFFCB77CA,坡道平面,1250000,33.13
RPSOMLQLJHLFFCB87CA,坡道平面,950000,33.13
RPSOMLQLJHLFFCB87CA,坡道平面,950000,33.13
RPUNMLQLJHLFFCB97CA,坡道平面,0,
RPVNMLTLJHLFFCB38CA,坡道平面,0,
RPTNMLTKKHLFFCB18CA,坡道平面,0,28.12
RPPTMLLJKHLFFCB47CA,坡道機械,0,
RPUNMLOJKHLFFCB67CA,坡道平面,0,12.97
RPVOMLTKKHLFFCB48CA,坡道機械,0,
RPVOMLTKKHLFFCB48CA,坡道機械,0,
RPWSMLLJKHLFFCB08CA,坡道平面,0,
RPUSMLLJKHLFFCB87CA,坡道平面,0,20.92
RPSVMLSLJHLFFBB68CA,坡道機械,0,7.29
RPQVMLSLJHLFFBB48CA,坡道平面,0,23.59
RPQVMLSLJHLFFBB48CA,坡道平面,0,23.59
RPRTMLQLJHLFFBB18CA,坡道平面,0,
RPTSMLQLJHLFFBB28CA,坡道平面,1200000,32.06
RPVRMLSLJHLFFBB58CA,坡道機械,0,
RPQNMLQLJHLFFBB47CA,坡道平面,0,
RPWPMLRKKHLFFBB38CA,坡道平面,0,
RPTNMLPLJHLFFBB67CA,坡道平面,0,19.81
RPSOMLPLJHLFFAB57CA,坡道機械,0,15.99
RPQNMLPLJHLFFAB27CA,坡道平面,0,26.36
RPUQMLTLJHLFFCB68DA,坡道平面,0,
RPUQMLTLJHLFFCB68DA,坡道平面,0,
RPSPMLLJKHLFFHL88CA,坡道平面,0,
RPWNMLMJKHLFFHL56CA,坡道平面,0,
RPQNMLTKKHLFFAB87EA,坡道平面,950000,20.19
RPOOMLRLJHLFFHL09CA,坡道機械,0,
RPXOMLSJNHNFFIB17EA,坡道平面,1200000,31.91
RPOPMLSJNHNFFIB98EA,坡道平面,1250000,31.91
RPXOMLKKNHNFFIB09EA,坡道平面,1150000,30.36
RPXOMLKKNHNFFIB09EA,坡道平面,1150000,30.36
RPWNMLKMJHLFFGL09CA,坡道平面,0,32.04
RPWNMLKMJHLFFGL09CA,坡道平面,0,32.04
RPQOMLTLJHLFFGL76CA,坡道平面,0,24.44
RPSNMLPLJHLFFGL09CA,坡道平面,0,
RPOOMLLJKHLFFHL38CA,坡道平面,0,
RPPOMLNJKHLFFBB17DA,坡道平面,0,
RPPOMLKMJHLFFHL58CA,坡道平面,0,
RPPOMLLJKHLFFIL58CA,坡道機械,0,
RPSOMLRLJHLFFGL76CA,坡道平面,0,
RPRPMLKMJHLFFGL78CA,升降機械,370000,7.02
RPPOMLOJKHLFFGL68CA,坡道平面,0,21.77
RPUNMLRLJHLFFFL76CA,坡道平面,0,
RPQNMLLMJHLFFGL58CA,坡道平面,0,
RPSNMLNLKHLFFGL98CA,坡道平面,0,
RPOOMLTLJHLFFAB57CA,坡道機械,0,13.62
RPROMLTLJHLFFAB87CA,坡道機械,0,13.21
RPROMLTLJHLFFAB87CA,坡道機械,0,13.21
RPRNMLRLJHLFFAB57CA,坡道機械,0,33.28
RPTNMLRLJHLFFAB77CA,坡道平面,0,
RPROMLRLJHLFFAB67CA,坡道平面,0,
RPPOMLOJKHLFFAB07CA,升降機械,0,
RPQOMLOJKHLFFAB17CA,坡道平面,0,15.34
RPVOMLLJKHLFFBB47CA,坡道機械,0,
RPQRMLLJKHLFFBB27CA,坡道平面,0,31.10
RPQOMLRLJHLFFBB67CA,坡道平面,0,28.99
RPQOMLRLJHLFFBB67CA,坡道平面,0,28.99
RPPQMLPJKHLFFBB47CA,升降機械,0,11.58
RPPNMLTLJHLFFBB67CA,坡道平面,0,31.80
RPPNMLTLJHLFFBB67CA,坡道平面,0,31.80
RPWRMLLJKHLFFBB87CA,升降機械,0,
RPUNMLLJKHLFFAL18CA,坡道機械,0,
RPOTMLLJKHLFFCB37CA,坡道機械,0,13.93
RPRPMLKMJHLFFCB37CA,坡道平面,780000,18.85
RPPOMLKMJHLFFCB07CA,坡道平面,0,
RPPOMLKMJHLFFCB07CA,坡道平面,0,
RPUOMLRLJHLFFCB18CA,坡道機械,0,13.24
RPUNMLOLKHLFFCB87CA,坡道平面,0,
RPOPMLQKKHLFFCB57CA,坡道機械,0,11.57
RPUNMLSLJHLFFCB18CA,坡道平面,0,13.63
RPUNMLSLJHLFFCB18CA,坡道機械,0,6.94
RPRPMLTLJHLFFCB18CA,坡道機械,0,11.72
RPQNMLSLJHLFFCB77CA,坡道平面,1000000,33.13
RPQNMLSLJHLFFCB77CA,坡道平面,1000000,33.13
RPVNMLSLJHLFFCB28CA,坡道平面,0,13.63
RPVNMLSLJHLFFCB28CA,坡道機械,0,6.94
RPXNMLQKKHLFFCB28CA,坡道平面,0,21.94
RPPNMLSKKHLFFCB67CA,坡道平面,0,29.94
RPPNMLSKKHLFFCB67CA,坡道平面,0,29.94
RPSQMLLJKHLFFCB47CA,坡道平面,0,
RPTQMLLJKHLFFCB57CA,坡道平面,0,
RPQTMLLJKHLFFCB57CA,坡道機械,0,
RPUOMLMJKHLFFCB57CA,坡道平面,0,
RPPOMLMLKHLFFCB27CA,坡道機械,0,
RPPOMLMLKHLFFCB27CA,坡道機械,0,
RPSPMLPJKHLFFCB77CA,坡道機械,0,17.06
RPSPMLPJKHLFFCB77CA,坡道機械,0,17.06
RPWNMLMLKHLFFCB87CA,坡道平面,0,
RPSOMLRLJHLFFCL98CA,坡道平面,0,
RPPPMLRLJHLFFBB67CA,坡道平面,0,29.99
RPWSMLSLJHLFFBB78CA,坡道平面,0,36.37
RPXSMLSLJHLFFBB88CA,坡道平面,0,42.99
RPUOMLMJKHLFFBB47CA,坡道平面,0,30.06
RPUOMLMJKHLFFBB47CA,坡道平面,0,30.06
RPOPMLOJKHLFFBB17CA,坡道平面,0,26.87
RPRNMLNJKHLFFBB17CA,升降機械,0,19.58
RPTPMLOJKHLFFBB67CA,坡道平面,0,32.97
RPTPMLOJKHLFFBB67CA,坡道平面,0,32.97
RPOPMLMJKHLFFBB96CA,坡道平面,0,
RPWNMLQKKHLFFBB08CA,坡道平面,0,30.13
RPWPMLOJKHLFFBB97CA,坡道平面,0,32.97
RPWPMLOJKHLFFBB97CA,坡道平面,0,32.97
RPWPMLOJKHLFFBB97CA,坡道平面,0,32.97
RPUPMLOJKHLFFBB77CA,坡道平面,0,32.97
RPUPMLOJKHLFFBB77CA,坡道平面,0,32.97
RPUPMLOJKHLFFBB77CA,坡道平面,0,32.97
RPXPMLOJKHLFFBB08CA,坡道平面,0,32.97
RPXPMLOJKHLFFBB08CA,坡道平面,0,32.97
RPXPMLOJKHLFFBB08CA,坡道平面,0,32.97
RPVPMLOJKHLFFBB87CA,坡道平面,0,32.97
RPVPMLOJKHLFFBB87CA,坡道平面,0,32.97
RPWNMLKMJHLFFBB57CA,坡道平面,0,
RPXNMLKMJHLFFBB67CA,坡道平面,0,
RPSNMLMJKHLFFBB17CA,坡道平面,0,23.48
RPQNMLKLKHLFFBB96CA,坡道平面,0,
RPQNMLPJKHLFFAB17CA,坡道平面,0,20.41
RPPNMLNKKHLFFAB96CA,坡道平面,0,
RPPNMLNKKHLFFAB96CA,坡道平面,0,
RPTNMLPJKHLFFAB47CA,坡道平面,0,
RPVOMLRKKHLFFAB08CA,坡道平面,0,33.98
RPVOMLRKKHLFFAB08CA,坡道機械,0,11.24
RPQNMLRLJHLFFAB47CA,坡道平面,0,28.46
RPSNMLSLJHLFFAB77CA,坡道平面,400000,28.09
RPSNMLSLJHLFFAB77CA,坡道平面,400000,28.09
RPSNMLSLJHLFFAB77CA,坡道平面,400000,28.09
RPSPMLKMJHLFFGL88CA,升降機械,377000,7.02
RPVRMLKMJHLFFGL76CA,坡道平面,1210000,40.72
RPRRMLKMJHLFFGL98CA,坡道平面,1150000,32.04
RPUNMLOJKHLFFFL98CA,坡道平面,0,
RPVNMLMJKHLFFGL98CA,坡道平面,0,
RPVPMLLJKHLFFHL56CA,坡道機械,0,
RPQPMLLJKHLFFHL68CA,坡道平面,0,33.46
RPQNMLRLJHLFFGL09CA,坡道平面,1000000,33.09
RPPNMLNJKHLFFHL58CA,一樓平面,0,
RPVNMLKMJHLFFHL09CA,坡道平面,0,
RPWOMLRLJHLFFBB38DA,坡道平面,0,27.20
RPTOMLLJKHLFFHL88CA,坡道平面,1200000,
RPROMLLJKHLFFHL68CA,坡道平面,950000,
RPQPMLSJNHNFFIB56EA,坡道平面,1100000,28.21
RPSRMLKMJHLFFGL09CA,坡道平面,1150000,32.04
RPTNMLMJKHLFFGL78CA,坡道平面,0,
RPUNMLMJKHLFFGL88CA,坡道平面,0,
RPSNMLMJKHLFFGL68CA,坡道平面,1,
RPPNMLMJKHLFFGL38CA,坡道平面,0,
RPQNMLSKKHLFFHL66CA,坡道平面,0,
RPRNMLSKKHLFFHL76CA,坡道機械,0,
RPQOMLPJKHLFFGL88CA,坡道平面,0,
RPUNMLLJKHLFFAB17CA,一樓平面,0,
RPPOMLNJKHLFFAB96CA,坡道機械,0,8.84
RPXNMLMJKHLFFAB57CA,坡道平面,0,
RPXNMLMJKHLFFAB57CA,坡道平面,0,
RPTNMLQKKHLFFAB67CA,坡道機械,0,
RPRPMLOLKHLFFAB57CA,坡道平面,1150000,23.33
RPOPMLOLKHLFFAB27CA,坡道平面,1350000,23.33
RPSPMLOLKHLFFAB67CA,坡道平面,0,23.33
RPSPMLOLKHLFFAB67CA,坡道平面,2400000,23.33
RPVPMLOLKHLFFAB97CA,坡道平面,1200000,23.33
RPPPMLOLKHLFFAB37CA,坡道平面,0,23.33
RPPPMLOLKHLFFAB37CA,坡道平面,2400000,23.33
RPTPMLOLKHLFFAB77CA,坡道平面,1000000,23.33
RPQPMLOLKHLFFAB47CA,坡道平面,0,23.33
RPQPMLOLKHLFFAB47CA,坡道平面,2600000,23.33
RPWPMLOLKHLFFAB08CA,坡道平面,1100000,23.33
RPUPMLOLKHLFFAB87CA,坡道平面,1150000,23.33
RPXPMLOLKHLFFAB18CA,坡道平面,1200000,23.33
RPVOMLPLKHLFFAB97CA,坡道平面,1450000,23.33
RPROMLPLKHLFFAB57CA,坡道平面,0,23.33
RPROMLPLKHLFFAB57CA,坡道平面,2500000,23.33
RPWOMLPLKHLFFAB08CA,坡道平面,1250000,23.33
RPQPMLPLKHLFFAB57CA,坡道平面,1200000,23.33
RPOPMLPLKHLFFAB37CA,坡道平面,1250000,23.33
RPTOMLPLKHLFFAB77CA,坡道平面,1250000,23.33
RPUOMLPLKHLFFAB87CA,坡道平面,1200000,23.33
RPXOMLPLKHLFFAB18CA,坡道平面,1200000,23.33
RPPPMLPLKHLFFAB47CA,坡道平面,0,23.33
RPPPMLPLKHLFFAB47CA,坡道平面,2400000,23.33
RPSOMLPLKHLFFAB67CA,坡道平面,0,23.33
RPSOMLPLKHLFFAB67CA,坡道平面,2500000,23.33
RPSPMLPLKHLFFAB77CA,坡道平面,0,23.33
RPSPMLPLKHLFFAB77CA,坡道平面,2500000,23.33
RPWPMLPLKHLFFAB18CA,坡道平面,0,23.33
RPWPMLPLKHLFFAB18CA,坡道平面,2700000,23.33
RPRPMLPLKHLFFAB67CA,坡道平面,1250000,23.33
RPUPMLPLKHLFFAB97CA,坡道平面,0,23.33
RPUPMLPLKHLFFAB97CA,坡道平面,2200000,23.33
RPPOMLLJKHLFFBB86CA,坡道平面,0,17.00
RPQNMLLJKHLFFBB86CA,坡道平面,0,
RPXPMLPLKHLFFAB28CA,坡道平面,1100000,23.33
RPTPMLPLKHLFFAB87CA,坡道平面,0,23.33
RPTPMLPLKHLFFAB87CA,坡道平面,2400000,23.33
RPVPMLPLKHLFFAB08CA,坡道平面,1150000,23.33
RPOQMLPLKHLFFAB47CA,坡道平面,1450000,23.33
RPWOMLKMJHLFFBB67CA,坡道平面,0,
RPVRMLLJKHLFFBB77CA,坡道平面,0,26.88
RPXNMLTLJHLFFBB48CA,坡道平面,1200000,32.06
RPSTMLSLJHLFFBB48CA,坡道機械,400000,13.59
RPOQMLPJKHLFFBB37CA,坡道平面,0,26.62
RPOQMLPJKHLFFBB37CA,坡道平面,0,26.62
RPTTMLSLJHLFFBB58CA,坡道機械,0,16.35
RPWNMLNJKHLFFBB67CA,坡道機械,0,
RPTNMLMLKHLFFBB47CA,坡道平面,1300000,22.46
RPXOMLPLKHLFFBB28CA,坡道平面,0,
RPTOMLPLKHLFFBB87CA,升降機械,0,
RPOPMLMJKHLFFCB07CA,坡道平面,0,
RPOPMLMJKHLFFCB07CA,坡道平面,0,
RPXNMLLJKHLFFCB67CA,坡道機械,0,
RPSPMLMJKHLFFCB47CA,坡道平面,0,
RPSPMLMJKHLFFCB47CA,坡道平面,0,
RPSOMLMLKHLFFCB57CA,坡道平面,0,14.91
RPSOMLMLKHLFFCB57CA,坡道平面,0,14.91
RPVNMLKMJHLFFCB57CA,坡道平面,0,
RPRNMLNJKHLFFCB27CA,坡道平面,0,
RPRNMLNJKHLFFCB27CA,坡道機械,0,
RPWNMLSLJHLFFCB38CA,坡道平面,1400000,33.79
RPROMLTLJHLFFCB08CA,坡道機械,0,20.21
RPROMLTLJHLFFCB08CA,坡道機械,0,20.21
RPRPMLPJKHLFFCB67CA,坡道平面,1400000,26.82
RPRPMLPJKHLFFCB67CA,坡道平面,1100000,25.60
RPSOMLPJKHLFFCB67CA,坡道平面,0,23.33
RPSOMLPJKHLFFCB67CA,坡道平面,0,23.33
RPVPMLOJKHLFFCB97CA,坡道平面,0,26.49
RPWNMLKMJHLFFCB67CA,坡道平面,0,38.02
RPWNMLKMJHLFFCB67CA,坡道平面,0,38.02
RPVNMLPJKHLFFCB87CA,坡道平面,0,22.28
RPROMLKMJHLFFCB27CA,坡道平面,0,28.12
RPROMLKMJHLFFCB27CA,坡道機械,0,12.61
RPROMLKMJHLFFCB27CA,坡道機械,0,12.61
RPUOMLKMJHLFFCB57CA,坡道平面,0,28.12
RPUOMLKMJHLFFCB57CA,坡道機械,0,12.61
RPUOMLKMJHLFFCB57CA,坡道機械,0,12.61
RPSOMLKMJHLFFCB37CA,坡道機械,0,13.23
RPSOMLKMJHLFFCB37CA,坡道機械,0,13.23
RPWOMLKMJHLFFCB77CA,坡道平面,0,28.12
RPWOMLKMJHLFFCB77CA,坡道機械,0,12.61
RPWOMLKMJHLFFCB77CA,坡道機械,0,12.61
RPTOMLKMJHLFFCB47CA,坡道平面,0,28.12
RPTOMLKMJHLFFCB47CA,坡道機械,0,13.23
RPTOMLKMJHLFFCB47CA,坡道機械,0,13.23
RPVOMLKMJHLFFCB67CA,坡道平面,0,28.12
RPVOMLKMJHLFFCB67CA,坡道機械,0,12.61
RPVOMLKMJHLFFCB67CA,坡道機械,0,12.61
RPQNMLMJKHLFFCB07CA,坡道平面,0,23.80
RPQNMLMJKHLFFCB07CA,坡道平面,0,23.80
RPRTMLLJKHLFFCB67CA,坡道平面,0,28.81
RPRTMLLJKHLFFCB67CA,坡道平面,0,24.47
RPOPMLMLKHLFFCB27CA,坡道機械,0,14.11
RPPOMLTLJHLFFAL68CA,坡道平面,500000,
RPRPMLQLKHLFFCB97CA,坡道平面,1100000,33.62
RPRPMLQLKHLFFCB97CA,坡道平面,1100000,33.62
RPSPMLSLJHLFFAL98CA,坡道平面,0,
RPXNMLQLKHLFFCB38CA,坡道平面,0,
RPXNMLQLKHLFFCB38CA,坡道機械,0,
RPXNMLQLKHLFFCB38CA,坡道機械,0,
RPPNMLKMJHLFFAL77CA,坡道平面,0,
RPTOMLTJLHLFFCB28CA,坡道平面,0,
RPVNMLPKKHLFFCL98CA,坡道平面,0,
RPUNMLPKKHLFFCL88CA,坡道平面,0,
RPQUMLSLJHLFFBB38CA,升降機械,0,
RPRNMLPKKHLFFCL58CA,坡道平面,0,
RPPUMLSLJHLFFBB28CA,坡道平面,0,
SPPRMLPJKHLFFBB67CA,一樓平面,0,14.80
RPVNMLNJKHLFFBB57CA,坡道平面,0,
RPRPMLOJKHLFFBB47CA,坡道平面,0,
RPQNMLNJKHLFFBB07CA,坡道平面,0,
RPTNMLKMJHLFFBB27CA,坡道平面,0,
RPPOMLSKKHLFFAB57CA,坡道機械,0,
RPTQMLLJKHLFFBB47CA,坡道平面,0,
RPUOMLMJKHLFFAB37CA,坡道平面,0,19.05
RPWNMLMJKHLFFAB47CA,坡道平面,0,
RPWNMLMJKHLFFAB47CA,坡道平面,0,
RPWNMLMJKHLFFAB47CA,坡道機械,0,
RPWNMLMJKHLFFAB47CA,坡道機械,0,
RPWNMLMJKHLFFAB47CA,坡道機械,0,
RPWNMLMJKHLFFAB47CA,坡道機械,0,
RPWNMLMJKHLFFAB47CA,坡道機械,0,
RPWNMLMJKHLFFAB47CA,坡道機械,0,
RPWNMLMJKHLFFAB47CA,坡道機械,0,
RPWRMLKMJHLFFGL86CA,坡道平面,1150000,40.72
RPUNMLSLJHLFFFL86CA,坡道平面,0,
RPVNMLOJKHLFFGL56CA,升降機械,420000,7.02
RPUOMLOJKHLFFGL56CA,坡道平面,0,
RPQOMLOJKHLFFGL78CA,坡道平面,0,
RPQOMLRKKHLFFGL56CA,升降機械,260000,7.02
RPTNMLKMJHLFFAB17CA,坡道機械,0,
RPTNMLKMJHLFFAB17CA,坡道機械,0,
RPROMLLJKHLFFGL58CA,坡道平面,0,33.83
RPROMLRKMHNFFIB09EA,一樓平面,0,
RPWNMLOJKHLFFGL66CA,坡道平面,600000,22.07
RPOOMLKMJHLFFGL38CA,坡道平面,1100000,15.09
RPQOMLKMJHLFFGL58CA,坡道平面,1250000,15.09
RPPOMLKMJHLFFGL48CA,坡道平面,1100000,12.97
RPTNMLLJKHLFFGL68CA,坡道平面,0,
RPTNMLKMJHLFFFL68CA,坡道平面,0,
RPQOMLPJKHLFFFL78CA,坡道平面,0,
RPQNMLKMJHLFFAB86CA,坡道機械,0,13.32
RPUNMLKMJHLFFAB27CA,坡道平面,0,
RPTNMLMJKHLFFBB27CA,坡道平面,0,26.48
RPTNMLMJKHLFFBB27CA,坡道平面,0,26.48
RPQQMLLJKHLFFBB17CA,升降機械,0,
RPQNMLOJKHLFFBB17CA,坡道平面,0,
RPUPMLPJKHLFFBB87CA,坡道平面,0,24.47
RPVPMLPJKHLFFBB97CA,坡道平面,0,24.47
RPXPMLPJKHLFFBB18CA,坡道平面,0,24.47
RPXPMLPJKHLFFBB18CA,坡道平面,0,24.47
RPWPMLPJKHLFFBB08CA,坡道平面,0,24.47
RPRNMLPJKHLFFBB37CA,坡道平面,0,24.47
RPVNMLPJKHLFFBB77CA,坡道平面,0,24.47
RPXNMLPJKHLFFBB97CA,坡道平面,0,24.47
RPXNMLPJKHLFFBB97CA,坡道平面,0,24.47
RPPNMLPJKHLFFBB17CA,坡道平面,0,24.47
RPWNMLPJKHLFFBB87CA,坡道平面,0,24.47
RPTNMLPJKHLFFBB57CA,坡道平面,0,24.47
RPQNMLPJKHLFFBB27CA,坡道平面,0,24.47
RPSNMLPJKHLFFBB47CA,坡道平面,0,24.47
RPSNMLPJKHLFFBB47CA,坡道平面,0,24.47
RPUNMLPJKHLFFBB67CA,坡道平面,0,24.47
RPUNMLPJKHLFFBB67CA,坡道平面,0,24.47
RPOOMLPJKHLFFBB17CA,坡道平面,0,24.47
RPOOMLPJKHLFFBB17CA,坡道平面,0,24.47
RPPOMLPJKHLFFBB27CA,坡道平面,0,24.47
RPQOMLPJKHLFFBB37CA,坡道平面,0,24.47
RPQOMLPJKHLFFBB37CA,坡道平面,0,24.47
RPPPMLPJKHLFFBB37CA,坡道平面,0,24.47
RPPPMLPJKHLFFBB37CA,坡道平面,0,24.47
RPSOMLPJKHLFFBB57CA,坡道平面,0,24.47
RPSOMLPJKHLFFBB57CA,坡道平面,0,24.47
RPTOMLPJKHLFFBB67CA,坡道平面,0,24.47
RPQPMLPJKHLFFBB47CA,坡道平面,0,24.47
RPQPMLPJKHLFFBB47CA,坡道平面,0,24.47
RPOPMLPJKHLFFBB27CA,坡道平面,0,24.47
RPOPMLPJKHLFFBB27CA,坡道平面,0,24.47
RPXOMLPJKHLFFBB08CA,坡道平面,0,24.47
RPVOMLPJKHLFFBB87CA,坡道平面,0,24.47
RPWOMLPJKHLFFBB97CA,坡道平面,0,24.47
RPRPMLPJKHLFFBB57CA,坡道平面,0,24.47
RPXOMLMJKHLFFBB77CA,坡道機械,0,
RPTOMLNJKHLFFBB47CA,坡道平面,0,
RPQPMLPLKHLFFBB67CA,坡道平面,0,
RPPPMLNLKHLFFBB37CA,坡道平面,1400000,23.59
RPRNMLTKKHLFFCB97CA,坡道平面,1800000,24.13
RPRNMLTKKHLFFCB97CA,坡道平面,1800000,24.13
RPRNMLTKKHLFFCB97CA,坡道平面,1000000,22.44
RPRNMLTKKHLFFCB97CA,坡道平面,1000000,22.44
RPPOMLQLKHLFFCB67CA,坡道平面,0,24.90
RPPOMLQLKHLFFCB67CA,坡道平面,0,24.90
RPPOMLQLKHLFFCB67CA,坡道平面,0,24.90
RPPOMLQLKHLFFCB67CA,坡道平面,0,24.90
RPUOMLTKKHLFFCB38CA,坡道平面,0,14.53
RPUOMLTKKHLFFCB38CA,坡道平面,0,14.53
RPXNMLKMJHLFFCB77CA,坡道平面,0,
RPSNMLPKKHLFFCB67CA,坡道平面,0,
RPSNMLPKKHLFFCB67CA,坡道平面,0,
RPSNMLPKKHLFFCB67CA,坡道平面,0,
RPSNMLPKKHLFFCB67CA,坡道平面,0,
RPSNMLPKKHLFFCB67CA,坡道平面,0,
RPSNMLPKKHLFFCB67CA,坡道平面,0,
RPSNMLPKKHLFFCB67CA,坡道平面,0,
RPSNMLPKKHLFFCB67CA,坡道平面,0,
RPSNMLPKKHLFFCB67CA,坡道平面,0,
RPUTMLLJKHLFFCB97CA,坡道平面,0,
RPTNMLMJKHLFFCB37CA,坡道平面,0,29.84
RPTNMLMJKHLFFCB37CA,坡道平面,0,29.84
RPTNMLMJKHLFFCB37CA,坡道平面,0,29.84
RPTNMLMJKHLFFCB37CA,坡道平面,0,29.84
RPTNMLMJKHLFFCB37CA,坡道平面,0,29.84
RPTNMLMJKHLFFCB37CA,坡道平面,0,29.84
RPPNMLKMJHLFFCB96CA,坡道平面,1100000,
RPTQMLNJKHLFFCB77CA,坡道平面,0,
RPVQMLPJKHLFFCB18CA,坡道機械,0,
RPVQMLPJKHLFFCB18CA,坡道機械,0,
RPXOMLTLJHLFFCB68CA,坡道機械,0,13.56
RPWNMLTLJHLFFCB48CA,坡道平面,0,
RPWOMLQKKHLFFCB28CA,坡道平面,0,31.48
RPWOMLQKKHLFFCB28CA,坡道平面,0,31.48
RPQOMLQKKHLFFCB67CA,坡道平面,0,33.20
RPPQMLPJKHLFFCB57CA,坡道平面,0,
RPROMLOJKHLFFCB47CA,坡道平面,700000,16.69
RPROMLOJKHLFFCB47CA,坡道平面,700000,16.69
RPRPMLNJKHLFFCB47CA,坡道平面,0,
RPRPMLOJKHLFFCB57CA,坡道平面,0,
RPTPMLNJKHLFFCB67CA,坡道平面,0,
RPPNMLKMOHLFFBB37CA,坡道平面,0,
RPSNMLMJKHLFFCB27CA,坡道平面,0,
RPVTMLLJKHLFFCB08CA,坡道平面,0,
RPTTMLLJKHLFFCB87CA,坡道平面,0,
RPPPMLPLKHLFFCB67CA,坡道平面,0,
RPQNMLLMJHLFFAL97CA,坡道平面,0,
RPTNMLLJLHLFFCB37CA,坡道平面,0,22.90
RPVOMLMLKHLFFCB87CA,坡道平面,0,
RPVOMLMLKHLFFCB87CA,坡道平面,0,
RPUOMLPLKHLFFBB97CA,坡道平面,0,
RPQNMLNLKHLFFCL38CA,坡道平面,0,
RPQNMLNLKHLFFCL38CA,坡道平面,0,
RPSPMLMLKHLFFBB57CA,升降機械,0,
RPQNMLLLKHLFFBB07CA,坡道平面,0,
RPPPMLMLKHLFFAB17CA,坡道平面,0,
RPSOMLNJKHLFFBB37CA,坡道平面,0,23.24
RPOOMLNJKHLFFBB96CA,坡道機械,0,
RPRNMLNLKHLFFAB27CA,坡道平面,800000,33.09
RPUNMLNLKHLFFAB57CA,坡道平面,1250000,33.09
RPSNMLNLKHLFFAB37CA,坡道平面,1250000,33.09
RPTNMLNLKHLFFAB47CA,坡道平面,1100000,33.09
RPWNMLNLKHLFFAB77CA,坡道平面,0,33.09
RPWNMLNLKHLFFAB77CA,坡道平面,0,33.09
RPVNMLNLKHLFFAB67CA,坡道平面,0,33.09
RPVNMLNLKHLFFAB67CA,坡道平面,0,33.09
RPXNMLNLKHLFFAB87CA,坡道平面,1400000,33.09
RPPOMLNLKHLFFAB17CA,坡道平面,1100000,33.09
RPTOMLNLKHLFFAB57CA,坡道平面,1000000,33.09
RPSOMLNLKHLFFAB47CA,坡道平面,1000000,33.09
RPROMLNLKHLFFAB37CA,坡道平面,1000000,33.09
RPUOMLNLKHLFFAB67CA,坡道平面,1000000,33.09
RPQOMLNLKHLFFAB27CA,坡道平面,1100000,33.09
RPPVMLNLKHLFFAB87CA,坡道平面,1100000,33.09
RPQVMLNLKHLFFAB97CA,坡道平面,1100000,33.09
RPXUMLNLKHLFFAB58CA,坡道平面,1250000,33.09
RPRVMLNLKHLFFAB08CA,坡道平面,1100000,33.09
RPXOMLNLKHLFFAB97CA,坡道平面,1150000,33.09
RPWUMLNLKHLFFAB48CA,坡道平面,1000000,33.09
SPXOMLNLKHLFFAB08CA,坡道平面,1150000,33.09
RPUUMLNLKHLFFAB28CA,坡道平面,1100000,33.09
RPVUMLNLKHLFFAB38CA,坡道平面,1300000,33.09
RPTVMLNLKHLFFAB28CA,坡道平面,1250000,33.09
RPSVMLNLKHLFFAB18CA,坡道平面,1150000,33.09
RPPNMLRLKHLFFAB47CA,坡道平面,1400000,33.09
RPUQMLQLKHLFFAB18CA,坡道平面,1400000,33.09
RPWPMLQLKHLFFAB28CA,坡道平面,0,33.09
RPQQMLQLKHLFFAB77CA,坡道平面,1100000,33.09
RPRQMLQLKHLFFAB87CA,坡道平面,1100000,33.09
RPSQMLQLKHLFFAB97CA,坡道平面,0,33.09
RPSQMLQLKHLFFAB97CA,坡道平面,0,33.09
RPTQMLQLKHLFFAB08CA,坡道平面,800000,33.09
RPPQMLQLKHLFFAB67CA,坡道平面,800000,33.09
RPXPMLQLKHLFFAB38CA,坡道平面,1250000,33.09
RPOQMLQLKHLFFAB57CA,坡道平面,1400000,33.09
RPSNMLRLKHLFFAB77CA,坡道平面,0,33.09
RPSNMLRLKHLFFAB77CA,坡道平面,0,33.09
RPQNMLRLKHLFFAB57CA,坡道平面,800000,33.09
RPRNMLRLKHLFFAB67CA,坡道平面,1250000,33.09
RPUNMLRLKHLFFAB97CA,坡道平面,700000,33.09
RPOOMLRLKHLFFAB47CA,坡道平面,1100000,33.09
RPWNMLRLKHLFFAB18CA,坡道平面,1250000,33.09
RPPOMLRLKHLFFAB57CA,坡道平面,800000,33.09
RPVNMLRLKHLFFAB08CA,坡道平面,0,33.09
RPVNMLRLKHLFFAB08CA,坡道平面,0,33.09
RPTNMLRLKHLFFAB87CA,坡道平面,1250000,33.09
RPXNMLRLKHLFFAB28CA,坡道平面,800000,33.09
RPPNMLQKKHLFFAB27CA,其他,0,70.88
RPPNMLQKKHLFFAB27CA,其他,0,70.88
RPQNMLQKKHLFFAB37CA,坡道平面,0,27.17
SPQNMLQKKHLFFAB47CA,坡道平面,0,27.17
TPQNMLQKKHLFFAB57CA,坡道平面,0,27.17
UPQNMLQKKHLFFAB67CA,坡道平面,0,31.20
RPQOMLRLKHLFFAB67CA,坡道平面,800000,33.09
RPROMLRLKHLFFAB77CA,坡道平面,1250000,33.09
RPUOMLRLKHLFFAB08CA,坡道平面,0,33.09
SPVOMLRLKHLFFAB28CA,坡道平面,1000000,33.09
RPVOMLRLKHLFFAB18CA,坡道平面,1000000,33.09
RPPOMLTKKHLFFAB67CA,坡道機械,360000,14.89
RPPOMLTKKHLFFAB67CA,坡道機械,360000,14.89
RPTNMLKLKHLFFAB17CA,坡道平面,0,33.09
RPRNMLKLKHLFFAB96CA,坡道平面,0,33.09
RPTNMLKLKHLFFAB17CA,坡道平面,0,33.09
RPRNMLKLKHLFFAB96CA,坡道平面,0,33.09
RPVNMLKLKHLFFAB37CA,坡道平面,0,33.09
RPVNMLKLKHLFFAB37CA,坡道平面,0,33.09
RPWNMLKLKHLFFAB47CA,坡道平面,0,33.09
RPWNMLKLKHLFFAB47CA,坡道平面,0,33.09
RPQNMLKLKHLFFAB86CA,坡道平面,1400000,33.09
RPPOMLKLKHLFFAB86CA,坡道平面,0,33.09
RPPOMLKLKHLFFAB86CA,坡道平面,0,33.09
RPXNMLKLKHLFFAB57CA,坡道平面,1100000,33.09
RPOOMLKLKHLFFAB76CA,坡道平面,0,33.09
RPOOMLKLKHLFFAB76CA,坡道平面,0,33.09
RPSNMLKLKHLFFAB07CA,坡道平面,0,33.09
RPSNMLKLKHLFFAB07CA,坡道平面,0,33.09
RPUNMLKLKHLFFAB27CA,坡道平面,0,33.09
RPUNMLKLKHLFFAB27CA,坡道平面,0,33.09
RPTOMLKLKHLFFAB27CA,坡道平面,0,33.09
RPTOMLKLKHLFFAB27CA,坡道平面,0,33.09
RPQOMLKLKHLFFAB96CA,坡道平面,0,33.09
RPQOMLKLKHLFFAB96CA,坡道平面,0,33.09
RPROMLKLKHLFFAB07CA,坡道平面,850000,33.09
RPSOMLKLKHLFFAB17CA,坡道平面,0,33.09
RPSOMLKLKHLFFAB17CA,坡道平面,0,33.09
RPUOMLKLKHLFFAB37CA,坡道平面,0,33.09
RPUOMLKLKHLFFAB37CA,坡道平面,0,33.09
RPRNMLLLKHLFFAB07CA,坡道平面,0,33.09
RPRNMLLLKHLFFAB07CA,坡道平面,0,33.09
RPPNMLLLKHLFFAB86CA,坡道平面,0,33.09
RPPNMLLLKHLFFAB86CA,坡道平面,0,33.09
RPXNMLLLKHLFFAB67CA,坡道平面,850000,33.09
RPQNMLLLKHLFFAB96CA,坡道平面,1400000,33.09
RPTNMLLLKHLFFAB27CA,坡道平面,1100000,33.09
RPSNMLLLKHLFFAB17CA,坡道平面,0,33.09
RPSNMLLLKHLFFAB17CA,坡道平面,0,33.09
RPOOMLLLKHLFFAB86CA,坡道平面,950000,33.09
RPWNMLLLKHLFFAB57CA,坡道平面,800000,33.09
RPPOMLLLKHLFFAB96CA,坡道平面,1400000,33.09
RPUNMLLLKHLFFAB37CA,坡道平面,800000,33.09
RPROMLLLKHLFFAB17CA,坡道平面,1100000,33.09
RPWOMLLLKHLFFAB67CA,坡道平面,0,33.09
RPWOMLLLKHLFFAB67CA,坡道平面,0,33.09
RPUOMLLLKHLFFAB47CA,坡道平面,0,33.09
RPUOMLLLKHLFFAB47CA,坡道平面,0,33.09
RPSOMLLLKHLFFAB27CA,坡道平面,1100000,33.09
RPPPMLLLKHLFFAB07CA,坡道平面,0,33.09
RPPPMLLLKHLFFAB07CA,坡道平面,0,33.09
RPXOMLLLKHLFFAB77CA,坡道平面,800000,33.09
RPQOMLLLKHLFFAB07CA,坡道平面,950000,33.09
RPVOMLLLKHLFFAB57CA,坡道平面,0,33.09
RPVOMLLLKHLFFAB57CA,坡道平面,0,33.09
RPOPMLLLKHLFFAB96CA,坡道平面,700000,33.09
RPTOMLLLKHLFFAB37CA,坡道平面,1100000,33.09
RPRPMLLLKHLFFAB27CA,坡道平面,1000000,33.09
RPWPMLLLKHLFFAB77CA,坡道平面,1100000,33.09
RPTPMLLLKHLFFAB47CA,坡道平面,800000,33.09
RPUPMLLLKHLFFAB57CA,坡道平面,700000,33.09
RPSPMLLLKHLFFAB37CA,坡道平面,1400000,33.09
RPVPMLLLKHLFFAB67CA,坡道平面,0,33.09
RPVPMLLLKHLFFAB67CA,坡道平面,0,33.09
RPVPMLLLKHLFFAB67CA,坡道平面,0,33.09
RPOQMLLLKHLFFAB07CA,坡道平面,800000,33.09
RPRQMLLLKHLFFAB37CA,坡道平面,1250000,33.09
RPPQMLLLKHLFFAB17CA,坡道平面,800000,33.09
RPQQMLLLKHLFFAB27CA,坡道平面,1400000,33.09
RPSQMLLLKHLFFAB47CA,坡道平面,1250000,33.09
RPRNMLMJKHLFFGL58CA,坡道平面,0,
RPUNMLKMJHLFFFL78CA,坡道平面,0,
RPTPMLLJKHLFFBB47DA,升降機械,0,
RPTPMLLJKHLFFBB47DA,升降機械,0,
RPXOMLPJKHLFFGL96CA,坡道機械,0,
RPSQMLLJKHLFFBB47DA,坡道機械,0,
RPSQMLLJKHLFFBB47DA,坡道機械,0,
RPPNMLLJKHLFFHL38CA,坡道平面,0,19.97
