鄉鎮市區,交易標的,土地區段位置建物區段門牌,土地移轉總面積平方公尺,都市土地使用分區,非都市土地使用分區,非都市土地使用編定,交易年月日,交易筆棟數,移轉層次,總樓層數,建物型態,主要用途,主要建材,建築完成年月,建物移轉總面積平方公尺,建物現況格局-房,建物現況格局-廳,建物現況格局-衛,建物現況格局-隔間,有無管理組織,總價元,單價元平方公尺,車位類別,車位移轉總面積平方公尺,車位總價元,備註,編號
The villages and towns urban district,transaction sign,land sector position building sector house number plate,land shifting total area square meter,the use zoning or compiles and checks,the non-metropolis land use district,non-metropolis land use,transaction year month and day,transaction pen number,shifting level,total floor number,building state,main use,main building materials,construction to complete the years,building shifting total area,Building present situation pattern - room,building present situation pattern - hall,building present situation pattern - health,building present situation pattern - compartmented,Whether there is manages the organization,total price NTD,the unit price (NTD / square meter),the berth category,berth shifting total area square meter,the berth total price NTD,the note,serial number
大雅區,房地(土地+建物)+車位,學雅段1~30地號,37.1,住,,,1040429,土地3建物1車位1,五層,14,住宅大樓(11層含以上有電梯),住家用,鋼筋混凝土造,,130.63,3,2,2,有,無,9620000,87182,坡道平面,34.05,1200000,,RPXNMLNLKHOFFHB98CB
大雅區,房地(土地+建物)+車位,學雅段1~30地號,37.3,住,,,1060301,土地3建物1車位1,三層,14,住宅大樓(11層含以上有電梯),住家用,鋼筋混凝土造,,131.49,3,2,2,有,無,10200000,92365,坡道平面,34.05,1200000,,RPOOMLNLKHOFFHB18CB
大雅區,房地(土地+建物)+車位,學雅段1~30地號,36.62,住,,,1040408,土地3建物1車位1,四層,14,住宅大樓(11層含以上有電梯),住家用,鋼筋混凝土造,,128.88,3,2,2,有,無,9360000,86049,坡道平面,34.05,1200000,,RPPOMLNLKHOFFHB28CB
大雅區,房地(土地+建物)+車位,學雅段1~30地號,36.62,住,,,1060227,土地3建物1車位1,十層,14,住宅大樓(11層含以上有電梯),住家用,鋼筋混凝土造,,128.88,3,2,2,有,無,9420000,85627,坡道平面,34.05,1300000,,RPQOMLNLKHOFFHB38CB
大雅區,房地(土地+建物)+車位,學雅段1~30地號,36.65,住,,,1060501,土地3建物1車位2,十三層,14,住宅大樓(11層含以上有電梯),住家用,鋼筋混凝土造,,128.88,3,2,2,有,無,11500000,146430,坡道平面,68.1,2600000,,RPROMLNLKHOFFHB48CB
大雅區,房地(土地+建物)+車位,學雅段1~30地號,36.59,住,,,1060228,土地3建物1車位1,六層,14,住宅大樓(11層含以上有電梯),住家用,鋼筋混凝土造,,128.65,3,2,2,有,無,10160000,94715,坡道平面,34.05,1200000,,RPSOMLNLKHOFFHB58CB
大雅區,房地(土地+建物)+車位,學雅段1~30地號,36.93,住,,,1040618,土地3建物1車位1,七層,14,住宅大樓(11層含以上有電梯),住家用,鋼筋混凝土造,,130.05,3,2,2,有,無,9770000,88229,坡道平面,34.05,1300000,,RPTOMLNLKHOFFHB68CB
大雅區,房地(土地+建物)+車位,學雅段1~30地號,36.24,住,,,1060426,土地3建物1車位1,八層,14,住宅大樓(11層含以上有電梯),住家用,鋼筋混凝土造,,127.44,3,2,2,有,無,10180000,96156,坡道平面,34.05,1200000,,RPPNMLOLKHOFFHB28CB
大雅區,房地(土地+建物)+車位,學雅段1~30地號,36.69,住,,,1060514,土地3建物1車位1,九層,14,住宅大樓(11層含以上有電梯),住家用,鋼筋混凝土造,,129.12,3,2,2,有,無,9370000,85937,坡道平面,34.05,1200000,,RPQNMLOLKHOFFHB38CB
大雅區,房地(土地+建物)+車位,學雅段1~30地號,36.62,住,,,1060811,土地3建物1車位1,十一層,14,住宅大樓(11層含以上有電梯),住家用,鋼筋混凝土造,,128.88,3,2,2,有,無,9550000,86998,坡道平面,34.05,1300000,,RPRNMLOLKHOFFHB48CB
大雅區,房地(土地+建物)+車位,學雅段1~30地號,36.62,住,,,1060802,土地3建物1車位1,十二層,14,住宅大樓(11層含以上有電梯),住家用,鋼筋混凝土造,,128.88,3,2,2,有,無,10580000,97859,坡道平面,34.05,1300000,,RPSNMLOLKHOFFHB58CB
大雅區,房地(土地+建物)+車位,學雅段1~30地號,36.62,住,,,1060826,土地3建物1車位1,十四層,14,住宅大樓(11層含以上有電梯),住家用,鋼筋混凝土造,,128.88,3,2,2,有,無,9880000,90478,坡道平面,34.05,1300000,,RPTNMLOLKHOFFHB68CB
大雅區,房地(土地+建物)+車位,學雅段1~30地號,39.01,住,,,1060630,土地3建物1車位1,三層,14,住宅大樓(11層含以上有電梯),住家用,鋼筋混凝土造,,137.5,3,2,2,有,無,10500000,88932,坡道平面,34.05,1300000,,RPVNMLOLKHOFFHB88CB
大雅區,房地(土地+建物)+車位,學雅段1~30地號,37.71,住,,,1050110,土地3建物1車位1,四層,14,住宅大樓(11層含以上有電梯),住家用,鋼筋混凝土造,,132.5,3,2,2,有,無,9700000,86338,坡道平面,34.05,1200000,,RPWNMLOLKHOFFHB98CB
大雅區,房地(土地+建物)+車位,學雅段1~30地號,39.29,住,,,1040117,土地3建物1車位2,五層,14,住宅大樓(11層含以上有電梯),住家用,鋼筋混凝土造,,138.44,3,2,2,有,無,11450000,128661,坡道平面,68.1,2400000,,RPXNMLOLKHOFFHB09CB
大雅區,房地(土地+建物)+車位,學雅段1~30地號,37.71,住,,,1051010,土地3建物1車位1,六層,14,住宅大樓(11層含以上有電梯),住家用,鋼筋混凝土造,,132.5,3,2,2,有,無,9700000,86338,坡道平面,34.05,1200000,,RPOOMLOLKHOFFHB28CB
大雅區,房地(土地+建物)+車位,學雅段1~30地號,39.01,住,,,1040209,土地3建物1車位1,七層,14,住宅大樓(11層含以上有電梯),住家用,鋼筋混凝土造,,137.44,3,2,2,有,無,10150000,86565,坡道平面,34.05,1200000,,RPPOMLOLKHOFFHB38CB
大雅區,房地(土地+建物)+車位,學雅段1~30地號,37.71,住,,,1050721,土地3建物1車位1,八層,14,住宅大樓(11層含以上有電梯),住家用,鋼筋混凝土造,,132.5,3,2,2,有,無,9790000,87252,坡道平面,34.05,1200000,,RPQOMLOLKHOFFHB48CB
大雅區,房地(土地+建物)+車位,學雅段1~30地號,39.25,住,,,1040116,土地3建物1車位1,九層,14,住宅大樓(11層含以上有電梯),住家用,鋼筋混凝土造,,138.44,3,2,2,有,無,10360000,87748,坡道平面,34.05,1200000,,RPROMLOLKHOFFHB58CB
大雅區,房地(土地+建物)+車位,學雅段1~30地號,37.71,住,,,1060308,土地3建物1車位1,十層,14,住宅大樓(11層含以上有電梯),住家用,鋼筋混凝土造,,132.5,3,2,2,有,無,10680000,96293,坡道平面,34.05,1200000,,RPSOMLOLKHOFFHB68CB
大雅區,房地(土地+建物)+車位,學雅段1~30地號,39.01,住,,,1060525,土地3建物1車位1,十一層,14,住宅大樓(11層含以上有電梯),住家用,鋼筋混凝土造,,137.44,3,2,2,有,無,11030000,94110,坡道平面,34.05,1300000,,RPTOMLOLKHOFFHB78CB
大雅區,房地(土地+建物)+車位,學雅段1~30地號,37.71,住,,,1060628,土地3建物1車位1,十二層,14,住宅大樓(11層含以上有電梯),住家用,鋼筋混凝土造,,132.5,3,2,2,有,無,10180000,91214,坡道平面,34.05,1200000,,RPUOMLOLKHOFFHB88CB
大雅區,房地(土地+建物)+車位,學雅段1~30地號,39.25,住,,,1060724,土地3建物1車位1,十三層,14,住宅大樓(11層含以上有電梯),住家用,鋼筋混凝土造,,137.5,3,2,2,有,無,10260000,86612,坡道平面,34.05,1300000,,RPVOMLOLKHOFFHB98CB
大雅區,房地(土地+建物)+車位,學雅段1~30地號,37.71,住,,,1060924,土地3建物1車位1,十四層,14,住宅大樓(11層含以上有電梯),住家用,鋼筋混凝土造,,132.5,3,2,2,有,無,11180000,100356,坡道平面,34.05,1300000,,RPXOMLOLKHOFFHB56CB
大雅區,房地(土地+建物)+車位,學雅段1~30地號,36.79,住,,,1040318,土地3建物1車位1,二層,14,住宅大樓(11層含以上有電梯),住家用,鋼筋混凝土造,,128.94,3,2,2,有,無,11280000,106228,坡道平面,34.05,1200000,,RPOPMLOLKHOFFHB38CB
大雅區,房地(土地+建物)+車位,學雅段1~30地號,36.76,住,,,1060314,土地3建物1車位1,四層,14,住宅大樓(11層含以上有電梯),住家用,鋼筋混凝土造,,128.94,3,2,2,有,無,9880000,91474,坡道平面,34.05,1200000,,RPPPMLOLKHOFFHB48CB
大雅區,房地(土地+建物)+車位,學雅段1~30地號,37.24,住,,,1040429,土地3建物1車位1,五層,14,住宅大樓(11層含以上有電梯),住家用,鋼筋混凝土造,,130.94,3,2,2,有,無,9780000,88554,坡道平面,34.05,1200000,,RPQPMLOLKHOFFHB58CB
大雅區,房地(土地+建物)+車位,學雅段1~30地號,36.76,住,,,1040609,土地3建物1車位1,六層,14,住宅大樓(11層含以上有電梯),住家用,鋼筋混凝土造,,128.94,3,2,2,有,無,9750000,90104,坡道平面,34.05,1200000,,RPRPMLOLKHOFFHB68CB
大雅區,房地(土地+建物)+車位,學雅段1~30地號,37.24,住,,,1040406,土地3建物1車位1,七層,14,住宅大樓(11層含以上有電梯),住家用,鋼筋混凝土造,,130.94,3,2,2,有,無,9990000,89689,坡道平面,34.05,1300000,,RPSPMLOLKHOFFHB78CB
大雅區,房地(土地+建物)+車位,學雅段1~30地號,36.76,住,,,1040430,土地3建物1車位1,八層,14,住宅大樓(11層含以上有電梯),住家用,鋼筋混凝土造,,128.94,3,2,2,有,無,9990000,92634,坡道平面,34.05,1200000,,RPTPMLOLKHOFFHB88CB
大雅區,房地(土地+建物)+車位,學雅段1~30地號,37.24,住,,,1040118,土地3建物1車位1,九層,14,住宅大樓(11層含以上有電梯),住家用,鋼筋混凝土造,,130.94,3,2,2,有,無,10200000,92889,坡道平面,34.05,1200000,,RPUPMLOLKHOFFHB98CB
大雅區,房地(土地+建物)+車位,學雅段1~30地號,36.76,住,,,1051123,土地3建物1車位1,十層,14,住宅大樓(11層含以上有電梯),住家用,鋼筋混凝土造,,128.94,3,2,2,有,無,10580000,98851,坡道平面,34.05,1200000,,RPVPMLOLKHOFFHB09CB
大雅區,房地(土地+建物)+車位,學雅段1~30地號,37.24,住,,,1060626,土地3建物1車位1,十一層,14,住宅大樓(11層含以上有電梯),住家用,鋼筋混凝土造,,130.94,3,2,2,有,無,10610000,96088,坡道平面,34.05,1300000,,RPWPMLOLKHOFFHB56CB
大雅區,房地(土地+建物)+車位,學雅段1~30地號,36.76,住,,,1060708,土地3建物1車位1,十二層,14,住宅大樓(11層含以上有電梯),住家用,鋼筋混凝土造,,128.94,3,2,2,有,無,10680000,98851,坡道平面,34.05,1300000,,RPXPMLOLKHOFFHB66CB
大雅區,房地(土地+建物)+車位,學雅段1~30地號,37.24,住,,,1060804,土地3建物1車位1,十三層,14,住宅大樓(11層含以上有電梯),住家用,鋼筋混凝土造,,130.94,3,2,2,有,無,9980000,89586,坡道平面,34.05,1300000,,RPOQMLOLKHOFFHB48CB
大雅區,房地(土地+建物)+車位,學雅段1~30地號,36.76,住,,,1060406,土地3建物1車位1,十四層,14,住宅大樓(11層含以上有電梯),住家用,鋼筋混凝土造,,128.94,3,2,2,有,無,9900000,91685,坡道平面,34.05,1200000,,RPPQMLOLKHOFFHB58CB
北屯區,房地(土地+建物)+車位,仁美段1741~1770地號,12.03,住,,,1080129,土地1建物1車位1,二層,15,住宅大樓(11層含以上有電梯),住家用,鋼筋混凝土造,,107.96,2,2,2,有,無,8500000,89979,坡道平面,26.83,1200000,,RPPNMLOLKHOFFBB67CB
北屯區,房地(土地+建物)+車位,仁美段1741~1770地號,17.23,住,,,1061019,土地1建物1車位2,十層,15,住宅大樓(11層含以上有電梯),住家用,鋼筋混凝土造,,149.31,3,2,2,有,無,12350000,104025,坡道平面,53.66,2400000,,RPRNMLOLKHOFFBB87CB
北屯區,房地(土地+建物)+車位,仁美段1741~1770地號,8.78,住,,,1080131,土地1建物1車位1,二層,15,住宅大樓(11層含以上有電梯),住家用,鋼筋混凝土造,,82.83,1,2,1,有,無,7500000,115179,坡道平面,26.83,1050000,,RPTNMLOLKHOFFBB08CB
大雅區,房地(土地+建物)+車位,學雅段1~30地號,35.8,住,,,1060203,土地3建物1車位1,二層,14,住宅大樓(11層含以上有電梯),住家用,鋼筋混凝土造,,126.34,3,2,2,有,無,9880000,94051,坡道平面,34.05,1200000,,RPRNMLPLKHOFFHB58CB
大雅區,房地(土地+建物)+車位,學雅段1~30地號,35.32,住,,,1040919,土地3建物1車位1,三層,14,住宅大樓(11層含以上有電梯),住家用,鋼筋混凝土造,,124.41,3,2,2,有,無,9550000,92408,坡道平面,34.05,1200000,,RPTNMLPLKHOFFHB78CB
大雅區,房地(土地+建物)+車位,學雅段1~30地號,35.32,住,,,1040114,土地3建物1車位1,五層,14,住宅大樓(11層含以上有電梯),住家用,鋼筋混凝土造,,124.41,3,2,2,有,無,9110000,87539,坡道平面,34.05,1200000,,RPVNMLPLKHOFFHB98CB
大雅區,房地(土地+建物)+車位,學雅段1~30地號,34.33,住,,,1040503,土地3建物1車位1,六層,14,住宅大樓(11層含以上有電梯),住家用,鋼筋混凝土造,,120.68,3,2,2,有,無,9820000,99504,坡道平面,34.05,1200000,,RPWNMLPLKHOFFHB09CB
大雅區,房地(土地+建物)+車位,學雅段1~30地號,34.5,住,,,1040411,土地3建物1車位1,七層,14,住宅大樓(11層含以上有電梯),住家用,鋼筋混凝土造,,121.33,3,2,2,有,無,9180000,91430,坡道平面,34.05,1200000,,RPOOMLPLKHOFFHB38CB
大雅區,房地(土地+建物)+車位,學雅段1~30地號,34.5,住,,,1040516,土地3建物1車位1,八層,14,住宅大樓(11層含以上有電梯),住家用,鋼筋混凝土造,,121.33,3,2,2,有,無,9880000,99450,坡道平面,34.05,1200000,,RPQOMLPLKHOFFHB58CB
大雅區,房地(土地+建物)+車位,學雅段1~30地號,34.3,住,,,1050512,土地3建物1車位1,九層,14,住宅大樓(11層含以上有電梯),住家用,鋼筋混凝土造,,120.47,3,2,2,有,無,8850000,88521,坡道平面,34.05,1200000,,RPROMLPLKHOFFHB68CB
大雅區,房地(土地+建物)+車位,學雅段1~30地號,34.3,住,,,1060401,土地3建物1車位1,十層,14,住宅大樓(11層含以上有電梯),住家用,鋼筋混凝土造,,120.47,3,2,2,有,無,9730000,98704,坡道平面,34.05,1200000,,RPSOMLPLKHOFFHB78CB
大雅區,房地(土地+建物)+車位,學雅段1~30地號,34.5,住,,,1050530,土地3建物1車位1,十一層,14,住宅大樓(11層含以上有電梯),住家用,鋼筋混凝土造,,121.33,3,2,2,有,無,9600000,96242,坡道平面,34.05,1200000,,RPTOMLPLKHOFFHB88CB
大雅區,房地(土地+建物)+車位,學雅段1~30地號,34.5,住,,,1060328,土地3建物1車位1,十二層,14,住宅大樓(11層含以上有電梯),住家用,鋼筋混凝土造,,121.33,3,2,2,有,無,9080000,90284,坡道平面,34.05,1200000,,RPUOMLPLKHOFFHB98CB
大雅區,房地(土地+建物)+車位,學雅段1~30地號,34.3,住,,,1060518,土地3建物1車位1,十三層,14,住宅大樓(11層含以上有電梯),住家用,鋼筋混凝土造,,120.47,3,2,2,有,無,10000000,100671,坡道平面,34.05,1300000,,RPVOMLPLKHOFFHB09CB
大雅區,房地(土地+建物)+車位,學雅段1~30地號,34.3,住,,,1060715,土地3建物1車位1,十四層,14,住宅大樓(11層含以上有電梯),住家用,鋼筋混凝土造,,120.47,3,2,2,有,無,9910000,100787,坡道平面,34.05,1200000,,RPWOMLPLKHOFFHB56CB
大雅區,房地(土地+建物)+車位,學雅段1~30地號,35.87,住,,,1060216,土地3建物1車位1,三層,14,住宅大樓(11層含以上有電梯),住家用,鋼筋混凝土造,,126.31,3,2,2,有,無,9690000,92023,坡道平面,34.05,1200000,,RPXOMLPLKHOFFHB66CB
大雅區,房地(土地+建物)+車位,學雅段1~30地號,34.26,住,,,1040314,土地3建物1車位1,四層,14,住宅大樓(11層含以上有電梯),住家用,鋼筋混凝土造,,120.13,3,2,2,有,無,9630000,97932,坡道平面,34.05,1200000,,RPOPMLPLKHOFFHB48CB
大雅區,房地(土地+建物)+車位,學雅段1~30地號,36.04,住,,,1040115,土地3建物1車位1,五層,14,住宅大樓(11層含以上有電梯),住家用,鋼筋混凝土造,,127.05,3,2,2,有,無,9300000,87097,坡道平面,34.05,1200000,,RPPPMLPLKHOFFHB58CB
大雅區,房地(土地+建物)+車位,學雅段1~30地號,34.5,住,,,1040423,土地3建物1車位1,六層,14,住宅大樓(11層含以上有電梯),住家用,鋼筋混凝土造,,120.99,3,2,2,有,無,10110000,102484,坡道平面,34.05,1200000,,RPQPMLPLKHOFFHB68CB
大雅區,房地(土地+建物)+車位,學雅段1~30地號,35.9,住,,,1040302,土地3建物1車位1,七層,14,住宅大樓(11層含以上有電梯),住家用,鋼筋混凝土造,,126.65,3,2,2,有,無,9570000,90389,坡道平面,34.05,1200000,,RPRPMLPLKHOFFHB78CB
大雅區,房地(土地+建物)+車位,學雅段1~30地號,34.3,住,,,1040417,土地3建物1車位1,八層,14,住宅大樓(11層含以上有電梯),住家用,鋼筋混凝土造,,120.3,3,2,2,有,無,10180000,104116,坡道平面,34.05,1200000,,RPSPMLPLKHOFFHB88CB
大雅區,房地(土地+建物)+車位,學雅段1~30地號,36.45,住,,,1040126,土地3建物1車位1,九層,14,住宅大樓(11層含以上有電梯),住家用,鋼筋混凝土造,,128.12,3,2,2,有,無,9700000,89295,坡道平面,34.05,1300000,,RPUPMLPLKHOFFHB09CB
大雅區,房地(土地+建物)+車位,學雅段1~30地號,35.66,住,,,1050708,土地3建物1車位1,十層,14,住宅大樓(11層含以上有電梯),住家用,鋼筋混凝土造,,125.53,3,2,2,有,無,9000000,85265,坡道平面,34.05,1200000,,RPVPMLPLKHOFFHB56CB
大雅區,房地(土地+建物)+車位,學雅段1~30地號,35.46,住,,,1040314,土地3建物1車位1,十一層,14,住宅大樓(11層含以上有電梯),住家用,鋼筋混凝土造,,124.75,3,2,2,有,無,9740000,93054,坡道平面,34.05,1300000,,RPOQMLPLKHOFFHB58CB
大雅區,房地(土地+建物)+車位,學雅段1~30地號,34.57,住,,,1060314,土地3建物1車位1,十二層,14,住宅大樓(11層含以上有電梯),住家用,鋼筋混凝土造,,121.34,3,2,2,有,無,10010000,100928,坡道平面,34.05,1200000,,RPQQMLPLKHOFFHB78CB
大雅區,房地(土地+建物)+車位,學雅段1~30地號,35.59,住,,,1060328,土地3建物1車位1,十三層,14,住宅大樓(11層含以上有電梯),住家用,鋼筋混凝土造,,125.3,3,2,2,有,無,10040000,95781,坡道平面,34.05,1300000,,RPRQMLPLKHOFFHB88CB
大雅區,房地(土地+建物)+車位,學雅段1~30地號,34.57,住,,,1060720,土地3建物1車位1,十四層,14,住宅大樓(11層含以上有電梯),住家用,鋼筋混凝土造,,121.34,3,2,2,有,無,10360000,103792,坡道平面,34.05,1300000,,RPTQMLPLKHOFFHB09CB
大雅區,房地(土地+建物)+車位,學雅段1~30地號,41.13,住,,,1061012,土地3建物1車位1,三層,14,住宅大樓(11層含以上有電梯),住家用,鋼筋混凝土造,,144.96,3,2,2,有,無,11060000,87999,坡道平面,34.05,1300000,,RPUQMLPLKHOFFHB56CB
大雅區,房地(土地+建物)+車位,學雅段1~30地號,41.17,住,,,1050605,土地3建物1車位2,五層,14,住宅大樓(11層含以上有電梯),住家用,鋼筋混凝土造,,144.96,3,2,2,有,無,11000000,111892,坡道平面,68.1,2400000,,RPVQMLPLKHOFFHB66CB
大雅區,房地(土地+建物)+車位,學雅段1~30地號,40.21,住,,,1050126,土地3建物1車位1,六層,14,住宅大樓(11層含以上有電梯),住家用,鋼筋混凝土造,,141.41,3,2,2,有,無,10400000,85693,坡道平面,34.05,1200000,,RPQNMLRLKHOFFHB68CB
大雅區,房地(土地+建物)+車位,學雅段1~30地號,39.8,住,,,1040410,土地3建物1車位1,七層,14,住宅大樓(11層含以上有電梯),住家用,鋼筋混凝土造,,139.88,3,2,2,有,無,10700000,88822,坡道平面,34.05,1300000,,RPRNMLRLKHOFFHB78CB
大雅區,房地(土地+建物)+車位,學雅段1~30地號,39.8,住,,,1050323,土地3建物1車位1,八層,14,住宅大樓(11層含以上有電梯),住家用,鋼筋混凝土造,,139.88,3,2,2,有,無,11450000,96853,坡道平面,34.05,1200000,,RPSNMLRLKHOFFHB88CB
大雅區,房地(土地+建物)+車位,學雅段1~30地號,40.01,住,,,1060301,土地3建物1車位1,九層,14,住宅大樓(11層含以上有電梯),住家用,鋼筋混凝土造,,141.63,3,2,2,有,無,10500000,85518,坡道平面,34.05,1300000,,RPTNMLRLKHOFFHB98CB
大雅區,房地(土地+建物)+車位,學雅段1~30地號,40.01,住,,,1060331,土地3建物1車位1,十層,14,住宅大樓(11層含以上有電梯),住家用,鋼筋混凝土造,,140.63,3,2,2,有,無,10660000,87821,坡道平面,34.05,1300000,,RPUNMLRLKHOFFHB09CB
清水區,房地(土地+建物)+車位,市鎮北段31~60地號,16.01,商,,,1071014,土地1建物1車位1,十五層,15,住宅大樓(11層含以上有電梯),住家用,鋼筋混凝土造,,138.13,3,2,2,有,無,6280000,49033,坡道平面,24.94,730000,,RPTNMLMJLHOFFFB18CB
大雅區,房地(土地+建物)+車位,學雅段1~30地號,39.8,住,,,1061007,土地3建物1車位1,十一層,14,住宅大樓(11層含以上有電梯),住家用,鋼筋混凝土造,,140.05,3,2,2,有,無,10760000,89245,坡道平面,34.05,1300000,,RPPNMLNJLHOFFHB08CB
大雅區,房地(土地+建物)+車位,學雅段1~30地號,40.01,住,,,1061001,土地3建物1車位1,十三層,14,住宅大樓(11層含以上有電梯),住家用,鋼筋混凝土造,,140.05,3,2,2,有,無,10760000,89245,坡道平面,34.05,1300000,,RPQNMLNJLHOFFHB18CB
大雅區,房地(土地+建物)+車位,學雅段1~30地號,40.01,住,,,1050619,土地3建物1車位1,十四層,14,住宅大樓(11層含以上有電梯),住家用,鋼筋混凝土造,,140.63,3,2,2,有,無,10560000,86883,坡道平面,34.05,1300000,,RPRNMLNJLHOFFHB28CB
大雅區,房地(土地+建物)+車位,學雅段1~30地號,41.54,住,,,1060608,土地3建物1車位1,二層,14,住宅大樓(11層含以上有電梯),住家用,鋼筋混凝土造,,146.69,3,2,2,有,無,12140000,97124,坡道平面,34.05,1200000,,RPSNMLNJLHOFFHB38CB
大雅區,房地(土地+建物)+車位,學雅段1~30地號,40.69,住,,,1060312,土地3建物1車位1,三層,14,住宅大樓(11層含以上有電梯),住家用,鋼筋混凝土造,,143.38,3,2,2,有,無,10970000,88448,坡道平面,34.05,1300000,,RPTNMLNJLHOFFHB48CB
大雅區,房地(土地+建物)+車位,學雅段1~30地號,40.04,住,,,1060719,土地3建物1車位1,四層,14,住宅大樓(11層含以上有電梯),住家用,鋼筋混凝土造,,140.78,3,2,2,有,無,9900000,80577,坡道平面,34.05,1300000,,RPUNMLNJLHOFFHB58CB
大雅區,房地(土地+建物)+車位,學雅段1~30地號,40.48,住,,,1040501,土地3建物1車位1,五層,14,住宅大樓(11層含以上有電梯),住家用,鋼筋混凝土造,,142.6,3,2,2,有,無,10450000,85214,坡道平面,34.05,1200000,,RPVNMLNJLHOFFHB68CB
大雅區,房地(土地+建物)+車位,學雅段1~30地號,39.97,住,,,1040325,土地3建物1車位1,六層,14,住宅大樓(11層含以上有電梯),住家用,鋼筋混凝土造,,140.62,3,2,2,有,無,10600000,87267,坡道平面,34.05,1300000,,RPWNMLNJLHOFFHB78CB
大雅區,房地(土地+建物)+車位,學雅段1~30地號,40.42,住,,,1050606,土地3建物1車位1,七層,14,住宅大樓(11層含以上有電梯),住家用,鋼筋混凝土造,,142.4,3,2,2,有,無,10000000,81218,坡道平面,34.05,1200000,,RPXNMLNJLHOFFHB88CB
大雅區,房地(土地+建物)+車位,學雅段1~30地號,39.77,住,,,1040312,土地3建物1車位1,八層,14,住宅大樓(11層含以上有電梯),住家用,鋼筋混凝土造,,139.8,3,2,2,有,無,10900000,90780,坡道平面,34.05,1300000,,RPOOMLNJLHOFFHB08CB
大雅區,房地(土地+建物)+車位,學雅段1~30地號,40.07,住,,,1060311,土地3建物1車位1,九層,14,住宅大樓(11層含以上有電梯),住家用,鋼筋混凝土造,,140.96,3,2,2,有,無,10250000,83715,坡道平面,34.05,1300000,,RPPOMLNJLHOFFHB18CB
大雅區,房地(土地+建物)+車位,學雅段1~30地號,40.01,住,,,1060204,土地3建物1車位1,十層,14,住宅大樓(11層含以上有電梯),住家用,鋼筋混凝土造,,140.78,3,2,2,有,無,10400000,86199,坡道平面,34.05,1200000,,RPROMLNJLHOFFHB38CB
大雅區,房地(土地+建物)+車位,學雅段1~30地號,40.01,住,,,1060513,土地3建物1車位1,十一層,14,住宅大樓(11層含以上有電梯),住家用,鋼筋混凝土造,,140.78,3,2,2,有,無,11450000,95100,坡道平面,34.05,1300000,,RPSOMLNJLHOFFHB48CB
大雅區,房地(土地+建物)+車位,學雅段1~30地號,40.01,住,,,1060616,土地3建物1車位1,十二層,14,住宅大樓(11層含以上有電梯),住家用,鋼筋混凝土造,,140.78,3,2,2,有,無,10430000,86480,坡道平面,34.05,1200000,,RPTOMLNJLHOFFHB58CB
大雅區,房地(土地+建物)+車位,學雅段1~30地號,40.01,住,,,1060614,土地3建物1車位1,十三層,14,住宅大樓(11層含以上有電梯),住家用,鋼筋混凝土造,,140.78,3,2,2,有,無,11400000,95568,坡道平面,34.05,1200000,,RPUOMLNJLHOFFHB68CB
大雅區,房地(土地+建物)+車位,學雅段1~30地號,40.01,住,,,1060604,土地3建物1車位1,十四層,14,住宅大樓(11層含以上有電梯),住家用,鋼筋混凝土造,,140.78,3,2,2,有,無,11620000,96693,坡道平面,34.05,1300000,,RPVOMLNJLHOFFHB78CB
北屯區,房地(土地+建物)+車位,太和段181~210地號,22.46,住,,,1080202,土地1建物1車位1,一層,13,住宅大樓(11層含以上有電梯),住家用,鋼筋混凝土造,,158.34,3,2,2,有,無,8480000,61024,坡道平面,42.32,1400000,,RPPOMLLMLHOFFBB67CB
北屯區,房地(土地+建物)+車位,太和段181~210地號,22.85,住,,,1071209,土地1建物1車位1,三層,13,住宅大樓(11層含以上有電梯),住家用,鋼筋混凝土造,,162.77,3,2,2,有,無,7500000,53134,坡道平面,42.32,1100000,,RPQOMLLMLHOFFBB77CB
北屯區,房地(土地+建物)+車位,太和段181~210地號,22.85,住,,,1070829,土地1建物1車位1,四層,13,住宅大樓(11層含以上有電梯),住家用,鋼筋混凝土造,,162.77,3,2,2,有,無,7850000,56040,坡道平面,42.32,1100000,租賃範圍不含車位，且無法區分車位面積。;裝潢48萬,RPROMLLMLHOFFBB87CB
北屯區,房地(土地+建物)+車位,太和段181~210地號,22.85,住,,,1071219,土地1建物1車位1,五層,13,住宅大樓(11層含以上有電梯),住家用,鋼筋混凝土造,,162.77,3,2,2,有,無,8400000,58115,坡道平面,42.32,1400000,租賃範圍不含車位，且無法區分車位面積。;裝潢54萬,RPSOMLLMLHOFFBB97CB
北屯區,房地(土地+建物)+車位,太和段181~210地號,22.85,住,,,1071125,土地1建物1車位1,六層,13,住宅大樓(11層含以上有電梯),住家用,鋼筋混凝土造,,162.77,3,2,2,有,無,8280000,58364,坡道平面,42.32,1250000,租賃範圍不含車位，且無法區分車位面積。;裝潢40萬,RPTOMLLMLHOFFBB08CB
北屯區,房地(土地+建物)+車位,太和段181~210地號,22.85,住,,,1070930,土地1建物1車位1,七層,13,住宅大樓(11層含以上有電梯),住家用,鋼筋混凝土造,,162.77,3,2,2,有,無,7770000,54130,坡道平面,42.32,1250000,,RPUOMLLMLHOFFBB18CB
北屯區,房地(土地+建物)+車位,太和段181~210地號,22.85,住,,,1070827,土地1建物1車位1,八層,13,住宅大樓(11層含以上有電梯),住家用,鋼筋混凝土造,,162.77,3,2,2,有,無,7610000,54047,坡道平面,42.32,1100000,,RPVOMLLMLHOFFBB28CB
北屯區,房地(土地+建物)+車位,太和段181~210地號,22.85,住,,,1070711,土地1建物1車位1,九層,13,住宅大樓(11層含以上有電梯),住家用,鋼筋混凝土造,,162.77,3,2,2,有,無,7520000,53300,坡道平面,42.32,1100000,,RPWOMLLMLHOFFBB38CB
北屯區,房地(土地+建物)+車位,太和段181~210地號,22.85,住,,,1070915,土地1建物1車位1,十層,13,住宅大樓(11層含以上有電梯),住家用,鋼筋混凝土造,,162.77,3,2,2,有,無,7850000,54795,坡道平面,42.32,1250000,,RPXOMLLMLHOFFBB48CB
北屯區,房地(土地+建物)+車位,太和段181~210地號,22.63,住,,,1071106,土地1建物1車位1,十二層,13,住宅大樓(11層含以上有電梯),住家用,鋼筋混凝土造,,161.95,3,2,2,有,無,7920000,55755,坡道平面,42.32,1250000,,RPOPMLLMLHOFFBB67CB
北屯區,房地(土地+建物)+車位,太和段181~210地號,22.63,住,,,1080123,土地1建物1車位1,十一層,13,住宅大樓(11層含以上有電梯),住家用,鋼筋混凝土造,,160.87,3,2,2,有,無,7980000,55421,坡道平面,41.24,1350000,,RPPPMLLMLHOFFBB77CB
北屯區,房地(土地+建物)+車位,太和段181~210地號,23.61,住,,,1071014,土地1建物1車位1,十三層,13,住宅大樓(11層含以上有電梯),住家用,鋼筋混凝土造,,167.29,3,2,2,有,無,8300000,56414,坡道平面,42.32,1250000,,RPQPMLLMLHOFFBB87CB
北屯區,房地(土地+建物)+車位,太和段181~210地號,22.85,住,,,1070819,土地1建物1車位1,二層,13,住宅大樓(11層含以上有電梯),住家用,鋼筋混凝土造,,162.77,3,2,2,有,無,8200000,58946,坡道平面,42.32,1100000,"租賃範圍不含車位，且無法區分車位面積。;裝潢86萬,冷氣9萬",RPRPMLLMLHOFFBB97CB
北屯區,房地(土地+建物)+車位,太和段181~210地號,28.04,住,,,1071115,土地1建物1車位1,二層,13,住宅大樓(11層含以上有電梯),住家用,鋼筋混凝土造,,190.22,3,2,2,有,無,10000000,59162,坡道平面,42.32,1250000,租賃範圍不含車位，且無法區分車位面積。;裝潢118萬、冷氣9萬,RPSPMLLMLHOFFBB08CB
北屯區,房地(土地+建物)+車位,太和段181~210地號,28.04,住,,,1070922,土地1建物1車位1,三層,13,住宅大樓(11層含以上有電梯),住家用,鋼筋混凝土造,,190.22,3,2,2,有,無,8700000,51386,坡道平面,42.32,1100000,,RPTPMLLMLHOFFBB18CB
北屯區,房地(土地+建物)+車位,太和段181~210地號,28.04,住,,,1080105,土地1建物1車位1,四層,13,住宅大樓(11層含以上有電梯),住家用,鋼筋混凝土造,,190.22,3,2,2,有,無,8970000,51183,坡道平面,42.32,1400000,,RPUPMLLMLHOFFBB28CB
北屯區,房地(土地+建物)+車位,太和段181~210地號,28.04,住,,,1071111,土地1建物1車位1,五層,13,住宅大樓(11層含以上有電梯),住家用,鋼筋混凝土造,,190.22,3,2,2,有,無,9000000,52400,坡道平面,42.32,1250000,,RPVPMLLMLHOFFBB38CB
北屯區,房地(土地+建物)+車位,太和段181~210地號,28.04,住,,,1080101,土地1建物1車位1,六層,13,住宅大樓(11層含以上有電梯),住家用,鋼筋混凝土造,,190.22,3,2,2,有,無,9920000,57606,坡道平面,42.32,1400000,租賃範圍不含車位，且無法區分車位面積。;裝潢70萬,RPWPMLLMLHOFFBB48CB
北屯區,房地(土地+建物)+車位,太和段181~210地號,28.04,住,,,1071119,土地1建物1車位1,七層,13,住宅大樓(11層含以上有電梯),住家用,鋼筋混凝土造,,190.22,3,2,2,有,無,9100000,53076,坡道平面,42.32,1250000,,RPXPMLLMLHOFFBB58CB
北屯區,房地(土地+建物)+車位,太和段181~210地號,28.04,住,,,1070722,土地1建物1車位1,八層,13,住宅大樓(11層含以上有電梯),住家用,鋼筋混凝土造,,190.22,3,2,2,有,無,8930000,52941,坡道平面,42.32,1100000,,RPOQMLLMLHOFFBB77CB
北屯區,房地(土地+建物)+車位,太和段181~210地號,28.04,住,,,1070901,土地1建物1車位1,九層,13,住宅大樓(11層含以上有電梯),住家用,鋼筋混凝土造,,190.22,3,2,2,有,無,9180000,53617,坡道平面,42.32,1250000,,RPPQMLLMLHOFFBB87CB
北屯區,房地(土地+建物)+車位,太和段181~210地號,28.04,住,,,1070708,土地1建物1車位1,十層,13,住宅大樓(11層含以上有電梯),住家用,鋼筋混凝土造,,190.22,3,2,2,有,無,9600000,57471,坡道平面,42.32,1100000,租賃範圍不含車位，且無法區分車位面積。;裝潢65萬,RPQQMLLMLHOFFBB97CB
北屯區,房地(土地+建物)+車位,太和段181~210地號,22.33,住,,,1071117,土地1建物1車位1,十一層,13,住宅大樓(11層含以上有電梯),住家用,鋼筋混凝土造,,157.71,2,2,1,有,無,7650000,55464,坡道平面,42.32,1250000,,RPRQMLLMLHOFFBB08CB
北屯區,房地(土地+建物)+車位,太和段181~210地號,17.8,住,,,1070825,土地1建物1車位1,十二層,13,住宅大樓(11層含以上有電梯),住家用,鋼筋混凝土造,,134.01,2,2,1,有,無,6250000,56168,坡道平面,42.32,1100000,,RPSQMLLMLHOFFBB18CB
北屯區,房地(土地+建物)+車位,太和段181~210地號,19.87,住,,,1071103,土地1建物1車位1,二層,13,住宅大樓(11層含以上有電梯),住家用,鋼筋混凝土造,,145.92,2,2,1,有,無,7450000,59846,坡道平面,42.32,1250000,租賃範圍不含車位，且無法區分車位面積。;裝潢75萬、冷氣9萬,RPTQMLLMLHOFFBB28CB
北屯區,房地(土地+建物),太和段181~210地號,19.71,住,,,1070818,土地1建物1車位0,三層,13,住宅大樓(11層含以上有電梯),住家用,鋼筋混凝土造,,103.6,2,2,1,有,無,5500000,53089,,0.0,0,,RPUQMLLMLHOFFBB38CB
北屯區,房地(土地+建物)+車位,太和段181~210地號,19.87,住,,,1071006,土地1建物1車位1,四層,13,住宅大樓(11層含以上有電梯),住家用,鋼筋混凝土造,,145.92,2,2,1,有,無,6600000,51641,坡道平面,42.32,1250000,,RPVQMLLMLHOFFBB48CB
北屯區,房地(土地+建物)+車位,太和段181~210地號,19.87,住,,,1070708,土地1建物1車位1,五層,13,住宅大樓(11層含以上有電梯),住家用,鋼筋混凝土造,,145.92,2,2,1,有,無,6380000,50965,坡道平面,42.32,1100000,,RPWQMLLMLHOFFBB58CB
北屯區,房地(土地+建物)+車位,太和段181~210地號,19.72,住,,,1070812,土地1建物1車位1,六層,13,住宅大樓(11層含以上有電梯),住家用,鋼筋混凝土造,,145.92,2,2,1,有,無,6490000,52027,坡道平面,42.32,1100000,,RPXQMLLMLHOFFBB68CB
北屯區,房地(土地+建物)+車位,太和段181~210地號,19.87,住,,,1070909,土地1建物1車位1,七層,13,住宅大樓(11層含以上有電梯),住家用,鋼筋混凝土造,,145.92,2,2,1,有,無,6750000,53089,坡道平面,42.32,1250000,,RPORMLLMLHOFFBB87CB
北屯區,房地(土地+建物)+車位,太和段181~210地號,19.87,住,,,1070826,土地1建物1車位1,八層,13,住宅大樓(11層含以上有電梯),住家用,鋼筋混凝土造,,145.92,2,2,1,有,無,6650000,53571,坡道平面,42.32,1100000,,RPPRMLLMLHOFFBB97CB
北屯區,房地(土地+建物)+車位,太和段181~210地號,19.87,住,,,1071006,土地1建物1車位1,九層,13,住宅大樓(11層含以上有電梯),住家用,鋼筋混凝土造,,145.92,2,2,1,有,無,6670000,53764,坡道平面,42.32,1100000,,RPQRMLLMLHOFFBB08CB
北屯區,房地(土地+建物)+車位,太和段181~210地號,19.87,住,,,1070822,土地1建物1車位1,十層,13,住宅大樓(11層含以上有電梯),住家用,鋼筋混凝土造,,145.92,2,2,1,有,無,6700000,54054,坡道平面,42.32,1100000,,RPRRMLLMLHOFFBB18CB
北屯區,房地(土地+建物)+車位,太和段181~210地號,19.58,住,,,1070908,土地1建物1車位1,十一層,13,住宅大樓(11層含以上有電梯),住家用,鋼筋混凝土造,,144.94,2,2,1,有,無,7150000,58955,坡道平面,42.32,1100000,租賃範圍不含車位，且無法區分車位面積。;裝潢50萬,RPSRMLLMLHOFFBB28CB
北屯區,房地(土地+建物)+車位,太和段181~210地號,19.58,住,,,1071021,土地1建物1車位1,十二層,13,住宅大樓(11層含以上有電梯),住家用,鋼筋混凝土造,,144.94,2,2,1,有,無,6880000,54863,坡道平面,42.32,1250000,,RPTRMLLMLHOFFBB38CB
北屯區,房地(土地+建物)+車位,太和段181~210地號,21.01,住,,,1071102,土地1建物1車位1,十三層,13,住宅大樓(11層含以上有電梯),住家用,鋼筋混凝土造,,152.47,2,2,1,有,無,7360000,55470,坡道平面,42.32,1250000,,RPURMLLMLHOFFBB48CB
北屯區,房地(土地+建物)+車位,太和段181~210地號,22.61,住,,,1070729,土地1建物1車位1,四層,13,住宅大樓(11層含以上有電梯),住家用,鋼筋混凝土造,,160.46,3,2,2,有,無,7200000,51585,坡道平面,41.24,1050000,,RPVRMLLMLHOFFBB58CB
北屯區,房地(土地+建物)+車位,太和段181~210地號,22.61,住,,,1080323,土地1建物1車位1,五層,13,住宅大樓(11層含以上有電梯),住家用,鋼筋混凝土造,,161.54,3,2,2,有,無,7240000,53179,坡道平面,42.32,900000,,RPWRMLLMLHOFFBB68CB
北屯區,房地(土地+建物)+車位,太和段181~210地號,22.61,住,,,1070721,土地1建物1車位1,六層,13,住宅大樓(11層含以上有電梯),住家用,鋼筋混凝土造,,161.54,3,2,2,有,無,7350000,52424,坡道平面,42.32,1100000,,RPXRMLLMLHOFFBB78CB
北屯區,房地(土地+建物)+車位,太和段181~210地號,22.61,住,,,1071027,土地1建物1車位1,九層,13,住宅大樓(11層含以上有電梯),住家用,鋼筋混凝土造,,161.54,3,2,2,有,無,8400000,61231,坡道平面,42.32,1100000,租賃範圍不含車位，且無法區分車位面積。;裝潢75萬,RPOSMLLMLHOFFBB97CB
北屯區,房地(土地+建物),太和段181~210地號,22.45,住,,,1080323,土地1建物1車位0,二層,13,住宅大樓(11層含以上有電梯),住家用,鋼筋混凝土造,,119.22,3,2,2,有,無,6600000,55360,,0.0,0,租賃範圍不含車位，且無法區分車位面積。;裝潢29萬,RPPSMLLMLHOFFBB08CB
北屯區,房地(土地+建物)+車位,太和段181~210地號,22.61,住,,,1080210,土地1建物1車位1,三層,13,住宅大樓(11層含以上有電梯),住家用,鋼筋混凝土造,,161.54,3,2,2,有,無,7430000,53515,坡道平面,42.32,1050000,租賃範圍不含車位，且無法區分車位面積。;裝潢15萬,RPQSMLLMLHOFFBB18CB
北屯區,房地(土地+建物)+車位,太和段181~210地號,22.61,住,,,1071215,土地1建物1車位1,十層,13,住宅大樓(11層含以上有電梯),住家用,鋼筋混凝土造,,161.54,3,2,2,有,無,7900000,55779,坡道平面,42.32,1250000,,RPRSMLLMLHOFFBB28CB
北屯區,房地(土地+建物)+車位,太和段181~210地號,22.38,住,,,1070819,土地1建物1車位1,十一層,13,住宅大樓(11層含以上有電梯),住家用,鋼筋混凝土造,,160.72,3,2,2,有,無,8250000,59122,坡道平面,42.32,1250000,租賃範圍不含車位，且無法區分車位面積。;裝潢60萬,RPSSMLLMLHOFFBB38CB
北屯區,房地(土地+建物)+車位,太和段181~210地號,22.38,住,,,1080119,土地1建物1車位1,十二層,13,住宅大樓(11層含以上有電梯),住家用,鋼筋混凝土造,,160.72,3,2,2,有,無,7860000,57095,一樓平面,42.32,1100000,租賃範圍不含車位，且無法區分車位面積。;家電10萬,RPTSMLLMLHOFFBB48CB
北屯區,房地(土地+建物)+車位,太和段181~210地號,23.38,住,,,1071028,土地1建物1車位1,十三層,13,住宅大樓(11層含以上有電梯),住家用,鋼筋混凝土造,,165.99,3,2,2,有,無,8250000,56602,坡道平面,42.32,1250000,,RPUSMLLMLHOFFBB58CB
北屯區,房地(土地+建物)+車位,太和段181~210地號,28.04,住,,,1071010,土地1建物1車位1,二層,13,住宅大樓(11層含以上有電梯),住家用,鋼筋混凝土造,,190.22,3,2,2,有,無,8550000,49358,坡道平面,42.32,1250000,,RPVSMLLMLHOFFBB68CB
北屯區,房地(土地+建物)+車位,太和段181~210地號,28.04,住,,,1080203,土地1建物1車位1,三層,13,住宅大樓(11層含以上有電梯),住家用,鋼筋混凝土造,,190.22,3,2,2,有,無,8950000,53076,坡道平面,42.32,1100000,租賃範圍不含車位，且無法區分車位面積。;裝潢27萬,RPWSMLLMLHOFFBB78CB
北屯區,房地(土地+建物)+車位,太和段181~210地號,28.04,住,,,1080126,土地1建物1車位1,四層,13,住宅大樓(11層含以上有電梯),住家用,鋼筋混凝土造,,190.22,3,2,2,有,無,9000000,51386,坡道平面,42.32,1400000,,RPXSMLLMLHOFFBB88CB
北屯區,房地(土地+建物)+車位,太和段181~210地號,28.04,住,,,1080114,土地1建物1車位1,五層,13,住宅大樓(11層含以上有電梯),住家用,鋼筋混凝土造,,190.22,3,2,2,有,無,9060000,52806,坡道平面,42.32,1250000,,RPOTMLLMLHOFFBB08CB
北屯區,房地(土地+建物)+車位,太和段181~210地號,28.04,住,,,1080113,土地1建物1車位1,六層,13,住宅大樓(11層含以上有電梯),住家用,鋼筋混凝土造,,190.22,3,2,2,有,無,9970000,57945,坡道平面,42.32,1400000,租賃範圍不含車位，且無法區分車位面積。;裝潢70萬、家電10萬,RPPTMLLMLHOFFBB18CB
北屯區,房地(土地+建物)+車位,太和段181~210地號,28.04,住,,,1071019,土地1建物1車位1,七層,13,住宅大樓(11層含以上有電梯),住家用,鋼筋混凝土造,,190.22,3,2,2,有,無,9100000,53076,坡道平面,42.32,1250000,,RPQTMLLMLHOFFBB28CB
北屯區,房地(土地+建物)+車位,太和段181~210地號,28.04,住,,,1080119,土地1建物1車位1,八層,13,住宅大樓(11層含以上有電梯),住家用,鋼筋混凝土造,,190.22,3,2,2,有,無,9350000,54767,坡道平面,42.32,1250000,租賃範圍不含車位，且無法區分車位面積。;家電10萬,RPRTMLLMLHOFFBB38CB
北屯區,房地(土地+建物)+車位,太和段181~210地號,28.04,住,,,1070713,土地1建物1車位1,九層,13,住宅大樓(11層含以上有電梯),住家用,鋼筋混凝土造,,190.22,3,2,2,有,無,9700000,58147,坡道平面,42.32,1100000,租賃範圍不含車位，且無法區分車位面積。;裝潢80萬,RPSTMLLMLHOFFBB48CB
北屯區,房地(土地+建物)+車位,太和段181~210地號,28.04,住,,,1080112,土地1建物1車位1,十層,13,住宅大樓(11層含以上有電梯),住家用,鋼筋混凝土造,,190.22,3,2,2,有,無,10030000,59364,坡道平面,42.32,1250000,租賃範圍不含車位，且無法區分車位面積。;裝潢70萬,RPTTMLLMLHOFFBB58CB
北屯區,房地(土地+建物)+車位,太和段181~210地號,22.35,住,,,1070926,土地1建物1車位1,十一層,13,住宅大樓(11層含以上有電梯),住家用,鋼筋混凝土造,,157.71,2,2,1,有,無,7550000,54597,坡道平面,42.32,1250000,,RPUTMLLMLHOFFBB68CB
北屯區,房地(土地+建物)+車位,太和段181~210地號,17.8,住,,,1070707,土地1建物1車位1,十二層,13,住宅大樓(11層含以上有電梯),住家用,鋼筋混凝土造,,133.95,2,2,1,有,無,6130000,54895,坡道平面,42.32,1100000,,RPVTMLLMLHOFFBB78CB
北屯區,房地(土地+建物)+車位,太和段181~210地號,19.87,住,,,1070913,土地1建物1車位1,二層,13,住宅大樓(11層含以上有電梯),住家用,鋼筋混凝土造,,145.92,2,2,1,有,無,7470000,60039,坡道平面,42.32,1250000,租賃範圍不含車位，且無法區分車位面積。;裝潢81萬、冷氣9萬,RPWTMLLMLHOFFBB88CB
北屯區,房地(土地+建物)+車位,太和段181~210地號,19.87,住,,,1070915,土地1建物1車位1,三層,13,住宅大樓(11層含以上有電梯),住家用,鋼筋混凝土造,,145.92,2,2,1,有,無,6500000,50630,坡道平面,41.24,1200000,,RPXTMLLMLHOFFBB98CB
北屯區,房地(土地+建物)+車位,太和段181~210地號,19.87,住,,,1070921,土地1建物1車位1,四層,13,住宅大樓(11層含以上有電梯),住家用,鋼筋混凝土造,,145.92,2,2,1,有,無,6580000,51448,坡道平面,42.32,1250000,,RPOUMLLMLHOFFBB18CB
北屯區,房地(土地+建物)+車位,太和段181~210地號,19.87,住,,,1070714,土地1建物1車位1,五層,13,住宅大樓(11層含以上有電梯),住家用,鋼筋混凝土造,,145.92,2,2,1,有,無,6450000,51641,坡道平面,42.32,1100000,,RPPUMLLMLHOFFBB28CB
北屯區,房地(土地+建物)+車位,太和段181~210地號,19.87,住,,,1070723,土地1建物1車位1,六層,13,住宅大樓(11層含以上有電梯),住家用,鋼筋混凝土造,,145.92,2,2,1,有,無,6560000,52703,坡道平面,42.32,1100000,租賃範圍不含車位，且無法區分車位面積。;家電11萬,RPQUMLLMLHOFFBB38CB
北屯區,房地(土地+建物)+車位,太和段181~210地號,19.87,住,,,1070804,土地1建物1車位1,七層,13,住宅大樓(11層含以上有電梯),住家用,鋼筋混凝土造,,145.92,2,2,1,有,無,6510000,52220,坡道平面,42.32,1100000,,RPRUMLLMLHOFFBB48CB
北屯區,房地(土地+建物)+車位,太和段181~210地號,19.87,住,,,1070728,土地1建物1車位1,八層,13,住宅大樓(11層含以上有電梯),住家用,鋼筋混凝土造,,145.92,2,2,1,有,無,6680000,53861,坡道平面,42.32,1100000,租賃範圍不含車位，且無法區分車位面積。;冷氣11萬,RPSUMLLMLHOFFBB58CB
北屯區,房地(土地+建物)+車位,太和段181~210地號,19.87,住,,,1070812,土地1建物1車位1,九層,13,住宅大樓(11層含以上有電梯),住家用,鋼筋混凝土造,,145.92,2,2,1,有,無,6600000,53089,坡道平面,42.32,1100000,,RPTUMLLMLHOFFBB68CB
北屯區,房地(土地+建物)+車位,太和段181~210地號,19.87,住,,,1070805,土地1建物1車位1,十層,13,住宅大樓(11層含以上有電梯),住家用,鋼筋混凝土造,,145.92,2,2,1,有,無,6950000,56467,坡道平面,42.32,1100000,租賃範圍不含車位，且無法區分車位面積。;裝潢30萬,RPUUMLLMLHOFFBB78CB
北屯區,房地(土地+建物)+車位,太和段181~210地號,19.58,住,,,1070802,土地1建物1車位1,十一層,13,住宅大樓(11層含以上有電梯),住家用,鋼筋混凝土造,,144.94,2,2,1,有,無,7100000,58468,坡道平面,42.32,1100000,租賃範圍不含車位，且無法區分車位面積。;裝潢50萬,RPVUMLLMLHOFFBB88CB
北屯區,房地(土地+建物)+車位,太和段181~210地號,19.58,住,,,1070905,土地1建物1車位1,十二層,13,住宅大樓(11層含以上有電梯),住家用,鋼筋混凝土造,,144.94,2,2,1,有,無,6820000,54278,坡道平面,42.32,1250000,,RPWUMLLMLHOFFBB98CB
北屯區,房地(土地+建物)+車位,太和段181~210地號,21.0,住,,,1071127,土地1建物1車位1,十三層,13,住宅大樓(11層含以上有電梯),住家用,鋼筋混凝土造,,152.47,2,2,1,有,無,7530000,55651,坡道平面,42.32,1400000,,RPXUMLLMLHOFFBB09CB
大雅區,房地(土地+建物)+車位,大明段211~240地號,37.17,住,,,1050608,土地1建物1車位1,四層,12,住宅大樓(11層含以上有電梯),住家用,鋼筋混凝土造,,148.62,3,2,2,有,無,9380000,68521,坡道平面,29.97,1250000,,RPRNMLLJMHOFFHB18CB
大雅區,房地(土地+建物)+車位,大明段211~240地號,37.17,住,,,1050422,土地1建物1車位1,五層,12,住宅大樓(11層含以上有電梯),住家用,鋼筋混凝土造,,148.62,3,2,2,有,無,9750000,71218,坡道平面,29.97,1300000,,RPTNMLLJMHOFFHB38CB
大雅區,房地(土地+建物)+車位,大明段211~240地號,37.17,住,,,1050402,土地1建物1車位1,六層,12,住宅大樓(11層含以上有電梯),住家用,鋼筋混凝土造,,148.62,3,2,2,有,無,9520000,69701,坡道平面,29.97,1250000,,RPUNMLLJMHOFFHB48CB
大雅區,房地(土地+建物)+車位,大明段211~240地號,37.17,住,,,1060317,土地1建物1車位1,七層,12,住宅大樓(11層含以上有電梯),住家用,鋼筋混凝土造,,148.62,3,2,2,有,無,9800000,71639,坡道平面,29.97,1300000,,RPVNMLLJMHOFFHB58CB
大雅區,房地(土地+建物)+車位,大明段211~240地號,37.17,住,,,1050415,土地1建物1車位1,八層,12,住宅大樓(11層含以上有電梯),住家用,鋼筋混凝土造,,148.62,3,2,2,有,無,9650000,70796,坡道平面,29.97,1250000,,RPWNMLLJMHOFFHB68CB
大雅區,房地(土地+建物)+車位,大明段211~240地號,37.31,住,,,1050422,土地1建物1車位2,九層,12,住宅大樓(11層含以上有電梯),住家用,鋼筋混凝土造,,178.59,3,2,2,有,無,11150000,72061,坡道平面,59.94,2600000,,RPXNMLLJMHOFFHB78CB
大雅區,房地(土地+建物)+車位,大明段211~240地號,37.31,住,,,1060508,土地1建物1車位2,十層,12,住宅大樓(11層含以上有電梯),住家用,鋼筋混凝土造,,178.59,3,2,2,有,無,11100000,73325,坡道平面,59.94,2400000,,RPQOMLLJMHOFFHB18CB
大雅區,房地(土地+建物)+車位,大明段211~240地號,37.17,住,,,1061115,土地1建物1車位1,十一層,12,住宅大樓(11層含以上有電梯),住家用,鋼筋混凝土造,,148.62,3,2,2,有,無,10100000,72903,坡道平面,29.97,1450000,,RPROMLLJMHOFFHB28CB
大雅區,房地(土地+建物)+車位,大明段211~240地號,19.8,住,,,1061115,土地1建物1車位1,十二層,12,住宅大樓(11層含以上有電梯),住家用,鋼筋混凝土造,,92.99,2,1,1,有,無,5900000,72199,坡道平面,29.97,1350000,,RPSOMLLJMHOFFHB38CB
大雅區,房地(土地+建物)+車位,大明段211~240地號,37.17,住,,,1070706,土地1建物1車位1,二層,12,住宅大樓(11層含以上有電梯),住家用,鋼筋混凝土造,,148.62,3,2,2,有,無,8900000,63633,坡道平面,29.97,1350000,,RPTOMLLJMHOFFHB48CB
大雅區,房地(土地+建物)+車位,大明段211~240地號,40.09,住,,,1070406,土地1建物1車位1,三層,12,住宅大樓(11層含以上有電梯),住家用,鋼筋混凝土造,,158.01,3,2,2,有,無,9600000,64823,坡道平面,29.97,1300000,,RPUOMLLJMHOFFHB58CB
大雅區,房地(土地+建物)+車位,大明段211~240地號,40.09,住,,,1070203,土地1建物1車位1,四層,12,住宅大樓(11層含以上有電梯),住家用,鋼筋混凝土造,,158.01,3,2,2,有,無,9750000,65214,坡道平面,29.97,1400000,,RPWOMLLJMHOFFHB78CB
大雅區,房地(土地+建物)+車位,大明段211~240地號,40.09,住,,,1070305,土地1建物1車位1,五層,12,住宅大樓(11層含以上有電梯),住家用,鋼筋混凝土造,,158.01,3,2,2,有,無,9800000,65995,坡道平面,29.97,1350000,,RPXOMLLJMHOFFHB88CB
大雅區,房地(土地+建物)+車位,大明段211~240地號,40.09,住,,,1070319,土地1建物1車位1,六層,12,住宅大樓(11層含以上有電梯),住家用,鋼筋混凝土造,,158.01,3,2,2,有,無,9800000,65214,坡道平面,29.97,1450000,,RPOPMLLJMHOFFHB08CB
大雅區,房地(土地+建物)+車位,大明段211~240地號,40.09,住,,,1070201,土地1建物1車位1,七層,12,住宅大樓(11層含以上有電梯),住家用,鋼筋混凝土造,,158.01,3,2,2,有,無,10000000,66776,坡道平面,29.97,1450000,,RPRPMLLJMHOFFHB38CB
大雅區,房地(土地+建物)+車位,大明段211~240地號,40.09,住,,,1050415,土地1建物1車位1,八層,12,住宅大樓(11層含以上有電梯),住家用,鋼筋混凝土造,,158.01,3,2,2,有,無,10380000,70915,坡道平面,29.97,1300000,,RPSPMLLJMHOFFHB48CB
大雅區,房地(土地+建物)+車位,大明段211~240地號,40.09,住,,,1061223,土地1建物1車位1,九層,12,住宅大樓(11層含以上有電梯),住家用,鋼筋混凝土造,,158.01,3,2,2,有,無,10290000,69041,坡道平面,29.97,1450000,,RPTPMLLJMHOFFHB58CB
大雅區,房地(土地+建物)+車位,大明段211~240地號,40.09,住,,,1070407,土地1建物1車位1,十層,12,住宅大樓(11層含以上有電梯),住家用,鋼筋混凝土造,,158.01,3,2,2,有,無,10060000,68416,坡道平面,29.97,1300000,,RPUPMLLJMHOFFHB68CB
大雅區,房地(土地+建物)+車位,大明段211~240地號,40.09,住,,,1070414,土地1建物1車位1,十一層,12,住宅大樓(11層含以上有電梯),住家用,鋼筋混凝土造,,158.01,3,2,2,有,無,10300000,70291,坡道平面,29.97,1300000,,RPVPMLLJMHOFFHB78CB
大雅區,房地(土地+建物)+車位,大明段211~240地號,40.09,住,,,1070525,土地1建物1車位1,十二層,12,住宅大樓(11層含以上有電梯),住家用,鋼筋混凝土造,,158.01,3,2,2,有,無,10000000,68338,坡道平面,29.97,1250000,,RPWPMLLJMHOFFHB88CB
大雅區,房地(土地+建物)+車位,大明段211~240地號,39.61,住,,,1070707,土地1建物1車位1,二層,12,住宅大樓(11層含以上有電梯),住家用,鋼筋混凝土造,,156.47,3,2,2,有,無,10280000,70198,坡道平面,29.97,1400000,,RPXPMLLJMHOFFHB98CB
大雅區,房地(土地+建物)+車位,大明段211~240地號,39.61,住,,,1050402,土地1建物1車位1,三層,12,住宅大樓(11層含以上有電梯),住家用,鋼筋混凝土造,,156.47,3,2,2,有,無,10060000,69249,坡道平面,29.97,1300000,,RPPQMLLJMHOFFHB28CB
大雅區,房地(土地+建物)+車位,大明段211~240地號,39.61,住,,,1070415,土地1建物1車位1,四層,12,住宅大樓(11層含以上有電梯),住家用,鋼筋混凝土造,,156.47,3,2,2,有,無,9670000,65771,坡道平面,29.97,1350000,,RPQQMLLJMHOFFHB38CB
大雅區,房地(土地+建物)+車位,大明段211~240地號,39.61,住,,,1070401,土地1建物1車位1,五層,12,住宅大樓(11層含以上有電梯),住家用,鋼筋混凝土造,,156.47,3,2,2,有,無,10180000,69802,坡道平面,29.97,1350000,,RPRQMLLJMHOFFHB48CB
大雅區,房地(土地+建物)+車位,大明段211~240地號,39.61,住,,,1050416,土地1建物1車位1,六層,12,住宅大樓(11層含以上有電梯),住家用,鋼筋混凝土造,,156.47,3,2,2,有,無,10000000,68379,坡道平面,29.97,1350000,,RPSQMLLJMHOFFHB58CB
大雅區,房地(土地+建物)+車位,大明段211~240地號,39.61,住,,,1060802,土地1建物1車位1,七層,12,住宅大樓(11層含以上有電梯),住家用,鋼筋混凝土造,,156.47,3,2,2,有,無,10200000,69565,坡道平面,29.97,1400000,,RPTQMLLJMHOFFHB68CB
大雅區,房地(土地+建物)+車位,大明段211~240地號,39.61,住,,,1070127,土地1建物1車位1,八層,12,住宅大樓(11層含以上有電梯),住家用,鋼筋混凝土造,,156.47,3,2,2,有,無,10060000,68854,坡道平面,29.97,1350000,,RPUQMLLJMHOFFHB78CB
大雅區,房地(土地+建物)+車位,大明段211~240地號,39.75,住,,,1061122,土地1建物1車位2,九層,12,住宅大樓(11層含以上有電梯),住家用,鋼筋混凝土造,,186.44,3,2,2,有,無,11500000,69170,坡道平面,59.94,2750000,,RPVQMLLJMHOFFHB88CB
大雅區,房地(土地+建物)+車位,大明段211~240地號,39.61,住,,,1070505,土地1建物1車位1,十層,12,住宅大樓(11層含以上有電梯),住家用,鋼筋混凝土造,,156.47,3,2,2,有,無,10200000,69170,坡道平面,29.97,1450000,,RPWQMLLJMHOFFHB98CB
大雅區,房地(土地+建物)+車位,大明段211~240地號,39.61,住,,,1070502,土地1建物1車位1,十一層,12,住宅大樓(11層含以上有電梯),住家用,鋼筋混凝土造,,156.47,3,2,2,有,無,10280000,70593,坡道平面,29.97,1350000,,RPXQMLLJMHOFFHB09CB
大雅區,房地(土地+建物)+車位,大明段211~240地號,39.75,住,,,1070612,土地1建物1車位2,十二層,12,住宅大樓(11層含以上有電梯),住家用,鋼筋混凝土造,,186.44,3,2,2,有,無,11400000,67194,坡道平面,59.94,2900000,,RPORMLLJMHOFFHB28CB
大雅區,房地(土地+建物)+車位,大明段211~240地號,42.96,住,,,1070509,土地1建物1車位2,一層,12,住宅大樓(11層含以上有電梯),住家用,鋼筋混凝土造,,182.99,0,0,0,無,無,18160000,125640,坡道平面,59.94,2700000,,RPPRMLLJMHOFFHB38CB
大雅區,房地(土地+建物)+車位,大明段211~240地號,65.86,住,,,1070707,土地1建物1車位4,一層,12,住宅大樓(11層含以上有電梯),住商用,鋼筋混凝土造,,314.88,1,1,2,有,無,27660000,112359,坡道平面,119.88,5750000,,RPQRMLLJMHOFFHB48CB
北屯區,房地(土地+建物)+車位,太和段181~210地號,22.61,住,,,1080323,土地1建物1車位1,八層,13,住宅大樓(11層含以上有電梯),住家用,鋼筋混凝土造,,161.54,3,2,2,有,無,7550000,54102,坡道平面,42.32,1100000,,RPUOMLMJMHOFFBB08CB
北屯區,房地(土地+建物)+車位,太和段181~210地號,22.61,住,,,1080323,土地1建物1車位1,七層,13,住宅大樓(11層含以上有電梯),住家用,鋼筋混凝土造,,161.54,3,2,2,有,無,7900000,57037,坡道平面,42.32,1100000,租賃範圍不含車位，且無法區分車位面積。;裝潢52萬,RPVOMLMJMHOFFBB18CB
大雅區,房地(土地+建物)+車位,大明段211~240地號,40.09,住,,,1070616,土地1建物1車位1,二層,12,住宅大樓(11層含以上有電梯),住家用,鋼筋混凝土造,,158.01,3,2,2,有,無,11000000,74977,坡道平面,29.97,1400000,,RPSNMLNJMHOFFHB48CB
大雅區,房地(土地+建物)+車位,大明段211~240地號,37.31,住,,,1060214,土地1建物1車位2,三層,12,住宅大樓(11層含以上有電梯),住家用,鋼筋混凝土造,,178.59,3,2,2,有,無,10620000,68689,坡道平面,59.94,2470000,,RPUNMLNJMHOFFHB68CB
大雅區,房地(土地+建物),學雅段1~30地號,35.29,住,,,1050811,土地3建物1車位0,四層,14,住宅大樓(11層含以上有電梯),住家用,鋼筋混凝土造,,124.41,3,2,2,有,無,7450000,59883,,0.0,0,沒有購買車位,RPQNMLPLMHOFFHB68CB
北屯區,房地(土地+建物),軍福段91~120地號,9.27,商,,,1070515,土地1建物1車位0,二層,15,住宅大樓(11層含以上有電梯),住家用,鋼筋混凝土造,,73.06,2,1,1,有,無,3980000,54476,,0.0,0,,RPPNMLPLMHOFFBB97CB
北屯區,房地(土地+建物),軍福段91~120地號,9.27,商,,,1070504,土地1建物1車位0,五層,15,住宅大樓(11層含以上有電梯),住家用,鋼筋混凝土造,,73.06,2,1,1,有,無,4020000,55023,,0.0,0,,RPSOMLQLMHOFFBB48CB
北屯區,房地(土地+建物),軍福段91~120地號,9.27,商,,,1070611,土地1建物1車位0,六層,15,住宅大樓(11層含以上有電梯),住家用,鋼筋混凝土造,,73.06,2,1,1,有,無,4000000,54750,,0.0,0,,RPQPMLQLMHOFFBB38CB
梧棲區,房地(土地+建物)+車位,梧棲段2821~2850地號,0.09,商,,,1070609,土地1建物1車位1,二層,15,住宅大樓(11層含以上有電梯),住家用,鋼筋混凝土造,,113.47,3,2,2,有,無,4680000,47919,坡道平面,31.04,730000,,RPSOMLMJNHOFFFB38CB
梧棲區,房地(土地+建物)+車位,梧棲段2821~2850地號,0.09,商,,,1070505,土地1建物1車位1,三層,15,住宅大樓(11層含以上有電梯),住家用,鋼筋混凝土造,,113.47,3,2,2,有,無,4740000,48647,坡道平面,31.04,730000,,RPTOMLMJNHOFFFB48CB
梧棲區,房地(土地+建物)+車位,梧棲段2821~2850地號,0.09,商,,,1070613,土地1建物1車位1,四層,15,住宅大樓(11層含以上有電梯),住家用,鋼筋混凝土造,,113.47,3,2,2,有,無,4680000,47919,坡道平面,31.04,730000,,RPUOMLMJNHOFFFB58CB
梧棲區,房地(土地+建物)+車位,梧棲段2821~2850地號,0.09,商,,,1070417,土地1建物1車位1,五層,15,住宅大樓(11層含以上有電梯),住家用,鋼筋混凝土造,,113.47,3,2,2,有,無,4790000,48491,坡道平面,29.95,740000,,RPVOMLMJNHOFFFB68CB
梧棲區,房地(土地+建物)+車位,梧棲段2821~2850地號,0.09,商,,,1070527,土地1建物1車位1,六層,15,住宅大樓(11層含以上有電梯),住家用,鋼筋混凝土造,,113.47,3,2,2,有,無,4850000,49982,坡道平面,31.04,730000,,RPWOMLMJNHOFFFB78CB
梧棲區,房地(土地+建物)+車位,梧棲段2821~2850地號,0.09,商,,,1070614,土地1建物1車位1,七層,15,住宅大樓(11層含以上有電梯),住家用,鋼筋混凝土造,,113.47,3,2,2,有,無,4920000,50831,坡道平面,31.04,730000,,RPXOMLMJNHOFFFB88CB
梧棲區,房地(土地+建物)+車位,梧棲段2821~2850地號,0.09,商,,,1070627,土地1建物1車位1,八層,15,住宅大樓(11層含以上有電梯),住家用,鋼筋混凝土造,,113.47,3,2,2,有,無,4960000,51316,坡道平面,31.04,730000,,RPOPMLMJNHOFFFB08CB
梧棲區,房地(土地+建物)+車位,梧棲段2821~2850地號,0.09,商,,,1070513,土地1建物1車位1,九層,15,住宅大樓(11層含以上有電梯),住家用,鋼筋混凝土造,,113.47,3,2,2,有,無,4990000,51680,坡道平面,31.04,730000,,RPPPMLMJNHOFFFB18CB
梧棲區,房地(土地+建物)+車位,梧棲段2821~2850地號,0.09,商,,,1070606,土地1建物1車位1,十層,15,住宅大樓(11層含以上有電梯),住家用,鋼筋混凝土造,,113.47,3,2,2,有,無,5070000,52651,坡道平面,31.04,730000,,RPQPMLMJNHOFFFB28CB
梧棲區,房地(土地+建物)+車位,梧棲段2821~2850地號,0.09,商,,,1070517,土地1建物1車位1,十一層,15,住宅大樓(11層含以上有電梯),住家用,鋼筋混凝土造,,113.47,3,2,2,有,無,5020000,50527,坡道平面,29.95,800000,,RPRPMLMJNHOFFFB38CB
梧棲區,房地(土地+建物)+車位,梧棲段2821~2850地號,0.09,商,,,1070620,土地1建物1車位1,十二層,15,住宅大樓(11層含以上有電梯),住家用,鋼筋混凝土造,,113.47,3,2,2,有,無,5000000,51802,坡道平面,31.04,730000,,RPTPMLMJNHOFFFB58CB
梧棲區,房地(土地+建物)+車位,梧棲段2821~2850地號,0.09,商,,,1070519,土地1建物1車位1,十四層,15,住宅大樓(11層含以上有電梯),住家用,鋼筋混凝土造,,113.47,3,2,2,有,無,5170000,51604,坡道平面,29.95,860000,,RPVPMLMJNHOFFFB78CB
梧棲區,房地(土地+建物)+車位,梧棲段2821~2850地號,0.09,商,,,1070515,土地1建物1車位1,十五層,15,住宅大樓(11層含以上有電梯),住家用,鋼筋混凝土造,,113.47,3,2,2,有,無,5050000,51680,坡道平面,31.04,790000,,RPWPMLMJNHOFFFB88CB
梧棲區,房地(土地+建物)+車位,梧棲段2821~2850地號,0.12,商,,,1070805,土地1建物1車位1,三層,15,住宅大樓(11層含以上有電梯),住家用,鋼筋混凝土造,,132.88,3,2,2,有,無,6010000,50668,坡道平面,31.04,850000,,RPOQMLMJNHOFFFB18CB
梧棲區,房地(土地+建物)+車位,梧棲段2821~2850地號,0.12,商,,,1070825,土地1建物1車位1,四層,15,住宅大樓(11層含以上有電梯),住家用,鋼筋混凝土造,,132.88,3,2,2,有,無,5880000,49980,坡道平面,31.04,790000,,RPQQMLMJNHOFFFB38CB
梧棲區,房地(土地+建物)+車位,梧棲段2821~2850地號,0.12,商,,,1070804,土地1建物1車位1,五層,15,住宅大樓(11層含以上有電梯),住家用,鋼筋混凝土造,,132.88,3,2,2,有,無,6100000,51551,坡道平面,31.04,850000,,RPSQMLMJNHOFFFB58CB
梧棲區,房地(土地+建物)+車位,梧棲段2821~2850地號,0.12,商,,,1070417,土地1建物1車位1,六層,15,住宅大樓(11層含以上有電梯),住家用,鋼筋混凝土造,,132.88,3,2,2,有,無,5800000,49784,坡道平面,31.04,730000,,RPVQMLMJNHOFFFB88CB
梧棲區,房地(土地+建物)+車位,梧棲段2821~2850地號,0.12,商,,,1070901,土地1建物1車位1,七層,15,住宅大樓(11層含以上有電梯),住家用,鋼筋混凝土造,,132.88,3,2,2,有,無,6230000,52239,坡道平面,31.04,910000,,RPXQMLMJNHOFFFB09CB
梧棲區,房地(土地+建物)+車位,梧棲段2821~2850地號,0.12,商,,,1070812,土地1建物1車位1,八層,15,住宅大樓(11層含以上有電梯),住家用,鋼筋混凝土造,,132.88,3,2,2,有,無,6180000,52337,坡道平面,31.04,850000,,RPPRMLMJNHOFFFB38CB
梧棲區,房地(土地+建物)+車位,梧棲段2821~2850地號,0.12,商,,,1070821,土地1建物1車位1,九層,15,住宅大樓(11層含以上有電梯),住家用,鋼筋混凝土造,,132.88,3,2,2,有,無,6160000,53319,坡道平面,31.04,730000,,RPSRMLMJNHOFFFB68CB
梧棲區,房地(土地+建物)+車位,梧棲段2821~2850地號,0.12,商,,,1070818,土地1建物1車位1,十層,15,住宅大樓(11層含以上有電梯),住家用,鋼筋混凝土造,,132.88,3,2,2,有,無,6380000,53712,坡道平面,31.04,910000,,RPTRMLMJNHOFFFB78CB
梧棲區,房地(土地+建物)+車位,梧棲段2821~2850地號,0.12,商,,,1070805,土地1建物1車位1,十二層,15,住宅大樓(11層含以上有電梯),住家用,鋼筋混凝土造,,132.88,3,2,2,有,無,6180000,52926,坡道平面,31.04,790000,,RPURMLMJNHOFFFB88CB
梧棲區,房地(土地+建物)+車位,梧棲段2821~2850地號,0.12,商,,,1070810,土地1建物1車位1,十三層,15,住宅大樓(11層含以上有電梯),住家用,鋼筋混凝土造,,132.88,3,2,2,有,無,6290000,53417,坡道平面,31.04,850000,,RPVRMLMJNHOFFFB98CB
梧棲區,房地(土地+建物)+車位,梧棲段2821~2850地號,0.06,商,,,1070331,土地1建物1車位1,五層,15,住宅大樓(11層含以上有電梯),住家用,鋼筋混凝土造,,91.68,2,2,1,有,無,4220000,57553,坡道平面,31.04,730000,,RPPSMLMJNHOFFFB48CB
梧棲區,房地(土地+建物)+車位,梧棲段2821~2850地號,0.06,商,,,1070415,土地1建物1車位1,二層,15,住宅大樓(11層含以上有電梯),住家用,鋼筋混凝土造,,91.68,2,2,1,有,無,4190000,57058,坡道平面,31.04,730000,,RPRSMLMJNHOFFFB68CB
梧棲區,房地(土地+建物)+車位,梧棲段2821~2850地號,0.06,商,,,1070411,土地1建物1車位1,三層,15,住宅大樓(11層含以上有電梯),住家用,鋼筋混凝土造,,91.68,2,2,1,有,無,4290000,56728,坡道平面,31.04,850000,,RPTSMLMJNHOFFFB88CB
梧棲區,房地(土地+建物)+車位,梧棲段2821~2850地號,0.06,商,,,1070324,土地1建物1車位1,四層,15,住宅大樓(11層含以上有電梯),住家用,鋼筋混凝土造,,91.68,2,2,1,有,無,4200000,56234,坡道平面,31.04,790000,,RPUSMLMJNHOFFFB98CB
梧棲區,房地(土地+建物)+車位,梧棲段2821~2850地號,0.06,商,,,1070325,土地1建物1車位1,六層,15,住宅大樓(11層含以上有電梯),住家用,鋼筋混凝土造,,91.68,2,2,1,有,無,4170000,56537,坡道平面,29.95,680000,,RPWSMLMJNHOFFFB56CB
梧棲區,房地(土地+建物)+車位,梧棲段2821~2850地號,0.06,商,,,1070429,土地1建物1車位1,七層,15,住宅大樓(11層含以上有電梯),住家用,鋼筋混凝土造,,91.68,2,2,1,有,無,4340000,58542,坡道平面,31.04,790000,,RPTNMLNJNHOFFFB48CB
梧棲區,房地(土地+建物)+車位,梧棲段2821~2850地號,0.06,商,,,1070506,土地1建物1車位1,九層,15,住宅大樓(11層含以上有電梯),住家用,鋼筋混凝土造,,91.68,2,2,1,有,無,4500000,61181,坡道平面,31.04,790000,,RPOOMLNJNHOFFFB08CB
梧棲區,房地(土地+建物)+車位,梧棲段2821~2850地號,0.06,商,,,1070712,土地1建物1車位1,十二層,15,住宅大樓(11層含以上有電梯),住家用,鋼筋混凝土造,,91.68,2,2,1,有,無,4460000,59290,坡道平面,29.95,800000,,RPPOMLNJNHOFFFB18CB
梧棲區,房地(土地+建物)+車位,梧棲段2821~2850地號,0.06,商,,,1070501,土地1建物1車位1,十四層,15,住宅大樓(11層含以上有電梯),住家用,鋼筋混凝土造,,91.68,2,2,1,有,無,4600000,61840,坡道平面,31.04,850000,,RPQOMLNJNHOFFFB28CB
梧棲區,房地(土地+建物)+車位,梧棲段2821~2850地號,0.11,商,,,1070624,土地1建物1車位1,二層,15,住宅大樓(11層含以上有電梯),住家用,鋼筋混凝土造,,128.41,3,2,2,有,無,5480000,48783,坡道平面,31.04,730000,,RPROMLNJNHOFFFB38CB
梧棲區,房地(土地+建物)+車位,梧棲段2821~2850地號,0.11,商,,,1070628,土地1建物1車位1,三層,15,住宅大樓(11層含以上有電梯),住家用,鋼筋混凝土造,,128.41,3,2,2,有,無,5710000,50529,坡道平面,31.04,790000,,RPSOMLNJNHOFFFB48CB
梧棲區,房地(土地+建物)+車位,梧棲段2821~2850地號,0.11,商,,,1070519,土地1建物1車位1,四層,15,住宅大樓(11層含以上有電梯),住家用,鋼筋混凝土造,,128.41,3,2,2,有,無,5610000,49502,坡道平面,31.04,790000,,RPTOMLNJNHOFFFB58CB
梧棲區,房地(土地+建物)+車位,梧棲段2821~2850地號,0.11,商,,,1070331,土地1建物1車位1,五層,15,住宅大樓(11層含以上有電梯),住家用,鋼筋混凝土造,,128.41,3,2,2,有,無,5840000,51248,坡道平面,31.04,850000,,RPVOMLNJNHOFFFB78CB
梧棲區,房地(土地+建物)+車位,梧棲段2821~2850地號,0.11,商,,,1070504,土地1建物1車位1,六層,15,住宅大樓(11層含以上有電梯),住家用,鋼筋混凝土造,,128.41,3,2,2,有,無,5800000,51453,坡道平面,31.04,790000,,RPWOMLNJNHOFFFB88CB
梧棲區,房地(土地+建物)+車位,梧棲段2821~2850地號,0.11,商,,,1070328,土地1建物1車位1,七層,15,住宅大樓(11層含以上有電梯),住家用,鋼筋混凝土造,,128.41,3,2,2,有,無,5860000,52069,坡道平面,31.04,790000,,RPOPMLNJNHOFFFB18CB
梧棲區,房地(土地+建物)+車位,梧棲段2821~2850地號,0.11,商,,,1070412,土地1建物1車位1,八層,15,住宅大樓(11層含以上有電梯),住家用,鋼筋混凝土造,,128.41,3,2,2,有,無,5850000,51351,坡道平面,31.04,850000,,RPPPMLNJNHOFFFB28CB
梧棲區,房地(土地+建物)+車位,梧棲段2821~2850地號,0.11,商,,,1070327,土地1建物1車位1,九層,15,住宅大樓(11層含以上有電梯),住家用,鋼筋混凝土造,,128.41,3,2,2,有,無,5900000,52480,坡道平面,31.04,790000,,RPVPMLNJNHOFFFB88CB
梧棲區,房地(土地+建物)+車位,梧棲段2821~2850地號,0.11,商,,,1070413,土地1建物1車位1,十一層,15,住宅大樓(11層含以上有電梯),住家用,鋼筋混凝土造,,128.41,3,2,2,有,無,5900000,52480,坡道平面,31.04,790000,,RPXPMLNJNHOFFFB09CB
梧棲區,房地(土地+建物)+車位,梧棲段2821~2850地號,0.11,商,,,1070416,土地1建物1車位1,十二層,15,住宅大樓(11層含以上有電梯),住家用,鋼筋混凝土造,,128.41,3,2,2,有,無,6050000,53405,坡道平面,31.04,850000,,RPOQMLNJNHOFFFB28CB
梧棲區,房地(土地+建物)+車位,梧棲段2821~2850地號,0.11,商,,,1070721,土地1建物1車位1,十三層,15,住宅大樓(11層含以上有電梯),住家用,鋼筋混凝土造,,128.41,3,2,2,有,無,6070000,53610,坡道平面,31.04,850000,,RPPQMLNJNHOFFFB38CB
梧棲區,房地(土地+建物)+車位,梧棲段2821~2850地號,0.11,商,,,1070801,土地1建物1車位1,十四層,15,住宅大樓(11層含以上有電梯),住家用,鋼筋混凝土造,,128.41,3,2,2,有,無,6180000,54740,坡道平面,31.04,850000,,RPRQMLNJNHOFFFB58CB
梧棲區,房地(土地+建物)+車位,梧棲段2821~2850地號,0.11,商,,,1070820,土地1建物1車位1,十五層,15,住宅大樓(11層含以上有電梯),住家用,鋼筋混凝土造,,128.41,3,2,2,有,無,5960000,53768,坡道平面,31.14,730000,,RPSQMLNJNHOFFFB68CB
梧棲區,房地(土地+建物)+車位,梧棲段2821~2850地號,0.16,商,,,1070429,土地1建物1車位1,三層,15,住宅大樓(11層含以上有電梯),住家用,鋼筋混凝土造,,152.22,3,2,2,有,無,6480000,47450,坡道平面,31.04,730000,,RPTQMLNJNHOFFFB78CB
梧棲區,房地(土地+建物)+車位,梧棲段2821~2850地號,0.16,商,,,1070907,土地1建物1車位1,二層,15,住宅大樓(11層含以上有電梯),住家用,鋼筋混凝土造,,152.22,3,2,2,有,無,8090000,59251,坡道平面,31.04,910000,,RPUQMLNJNHOFFFB88CB
梧棲區,房地(土地+建物)+車位,梧棲段2821~2850地號,0.16,商,,,1070512,土地1建物1車位1,五層,15,住宅大樓(11層含以上有電梯),住家用,鋼筋混凝土造,,152.22,3,2,2,有,無,6800000,49101,坡道平面,31.04,850000,,RPVQMLNJNHOFFFB98CB
梧棲區,房地(土地+建物)+車位,梧棲段2821~2850地號,0.16,商,,,1070405,土地1建物1車位1,六層,15,住宅大樓(11層含以上有電梯),住家用,鋼筋混凝土造,,152.22,3,2,2,有,無,6700000,48275,坡道平面,31.04,850000,,RPXQMLNJNHOFFFB56CB
梧棲區,房地(土地+建物)+車位,梧棲段2821~2850地號,0.16,商,,,1070610,土地1建物1車位1,七層,15,住宅大樓(11層含以上有電梯),住家用,鋼筋混凝土造,,152.22,3,2,2,有,無,6840000,49926,坡道平面,31.04,790000,,RPORMLNJNHOFFFB38CB
梧棲區,房地(土地+建物)+車位,梧棲段2821~2850地號,0.16,商,,,1070521,土地1建物1車位1,八層,15,住宅大樓(11層含以上有電梯),住家用,鋼筋混凝土造,,152.22,3,2,2,有,無,6940000,49761,坡道平面,31.04,910000,,RPPRMLNJNHOFFFB48CB
梧棲區,房地(土地+建物)+車位,梧棲段2821~2850地號,0.16,商,,,1070417,土地1建物1車位1,十一層,15,住宅大樓(11層含以上有電梯),住家用,鋼筋混凝土造,,152.22,3,2,2,有,無,6990000,50668,坡道平面,31.04,850000,,RPRRMLNJNHOFFFB68CB
梧棲區,房地(土地+建物)+車位,梧棲段2821~2850地號,0.16,商,,,1070623,土地1建物1車位1,十二層,15,住宅大樓(11層含以上有電梯),住家用,鋼筋混凝土造,,152.22,3,2,2,有,無,7000000,51246,坡道平面,31.04,790000,,RPSRMLNJNHOFFFB78CB
梧棲區,房地(土地+建物)+車位,梧棲段2821~2850地號,0.16,商,,,1070901,土地1建物1車位1,十四層,15,住宅大樓(11層含以上有電梯),住家用,鋼筋混凝土造,,152.22,3,2,2,有,無,7250000,52319,坡道平面,31.04,910000,,RPURMLNJNHOFFFB98CB
梧棲區,房地(土地+建物)+車位,梧棲段2821~2850地號,0.11,商,,,1070622,土地1建物1車位1,二層,15,住宅大樓(11層含以上有電梯),住家用,鋼筋混凝土造,,129.11,3,2,2,有,無,5630000,48741,坡道平面,31.04,850000,,RPVRMLNJNHOFFFB09CB
梧棲區,房地(土地+建物)+車位,梧棲段2821~2850地號,0.16,商,,,1070616,土地1建物1車位2,十層,15,住宅大樓(11層含以上有電梯),住家用,鋼筋混凝土造,,152.22,3,2,2,有,無,7600000,68116,坡道平面,62.08,1460000,,RPWRMLNJNHOFFFB56CB
梧棲區,房地(土地+建物)+車位,梧棲段2821~2850地號,0.16,商,,,1070929,土地1建物1車位2,十三層,15,住宅大樓(11層含以上有電梯),住家用,鋼筋混凝土造,,152.22,3,2,2,有,無,7870000,67118,坡道平面,62.08,1820000,,RPXRMLNJNHOFFFB66CB
梧棲區,房地(土地+建物)+車位,梧棲段2821~2850地號,0.11,商,,,1070429,土地1建物1車位1,三層,15,住宅大樓(11層含以上有電梯),住家用,鋼筋混凝土造,,129.11,3,2,2,有,無,5590000,49556,坡道平面,31.04,730000,,RPOSMLNJNHOFFFB48CB
梧棲區,房地(土地+建物)+車位,梧棲段2821~2850地號,0.11,商,,,1070713,土地1建物1車位1,四層,15,住宅大樓(11層含以上有電梯),住家用,鋼筋混凝土造,,129.11,3,2,2,有,無,5600000,49658,坡道平面,31.04,730000,,RPPSMLNJNHOFFFB58CB
梧棲區,房地(土地+建物)+車位,梧棲段2821~2850地號,0.11,商,,,1070701,土地1建物1車位1,五層,15,住宅大樓(11層含以上有電梯),住家用,鋼筋混凝土造,,129.11,3,2,2,有,無,5820000,51290,坡道平面,31.04,790000,,RPPOMLQJNHOFFFB48CB
梧棲區,房地(土地+建物)+車位,梧棲段2821~2850地號,0.11,商,,,1070701,土地1建物1車位1,六層,15,住宅大樓(11層含以上有電梯),住家用,鋼筋混凝土造,,129.11,3,2,2,有,無,5820000,51290,坡道平面,31.04,790000,,RPQOMLQJNHOFFFB58CB
梧棲區,房地(土地+建物)+車位,梧棲段2821~2850地號,0.11,商,,,1070602,土地1建物1車位1,七層,15,住宅大樓(11層含以上有電梯),住家用,鋼筋混凝土造,,129.11,3,2,2,有,無,5870000,51800,坡道平面,31.04,790000,,RPROMLQJNHOFFFB68CB
梧棲區,房地(土地+建物)+車位,梧棲段2821~2850地號,0.11,商,,,1070603,土地1建物1車位1,八層,15,住宅大樓(11層含以上有電梯),住家用,鋼筋混凝土造,,129.11,3,2,2,有,無,5850000,51596,坡道平面,31.04,790000,,RPSOMLQJNHOFFFB78CB
梧棲區,房地(土地+建物)+車位,梧棲段2821~2850地號,0.11,商,,,1070705,土地1建物1車位1,十層,15,住宅大樓(11層含以上有電梯),住家用,鋼筋混凝土造,,129.11,3,2,2,有,無,6210000,54655,坡道平面,31.04,850000,,RPTOMLQJNHOFFFB88CB
梧棲區,房地(土地+建物)+車位,梧棲段2821~2850地號,0.11,商,,,1070818,土地1建物1車位1,十一層,15,住宅大樓(11層含以上有電梯),住家用,鋼筋混凝土造,,129.11,3,2,2,有,無,6000000,53737,坡道平面,31.04,730000,,RPVOMLQJNHOFFFB09CB
梧棲區,房地(土地+建物)+車位,梧棲段2821~2850地號,0.11,商,,,1070803,土地1建物1車位1,十二層,15,住宅大樓(11層含以上有電梯),住家用,鋼筋混凝土造,,129.11,3,2,2,有,無,6080000,53329,坡道平面,31.04,850000,,RPWOMLQJNHOFFFB56CB
梧棲區,房地(土地+建物)+車位,梧棲段2821~2850地號,0.11,商,,,1070719,土地1建物1車位1,十三層,15,住宅大樓(11層含以上有電梯),住家用,鋼筋混凝土造,,129.11,3,2,2,有,無,6000000,53651,坡道平面,29.95,680000,,RPXOMLQJNHOFFFB66CB
梧棲區,房地(土地+建物)+車位,梧棲段2821~2850地號,0.11,商,,,1070809,土地1建物1車位1,十四層,15,住宅大樓(11層含以上有電梯),住家用,鋼筋混凝土造,,129.11,3,2,2,有,無,6160000,54145,坡道平面,31.04,850000,,RPOPMLQJNHOFFFB48CB
梧棲區,房地(土地+建物)+車位,梧棲段2821~2850地號,0.11,商,,,1070408,土地1建物1車位1,十五層,15,住宅大樓(11層含以上有電梯),住家用,鋼筋混凝土造,,129.11,3,2,2,有,無,6060000,53125,坡道平面,31.04,850000,,RPPPMLQJNHOFFFB58CB
梧棲區,房地(土地+建物)+車位,梧棲段2821~2850地號,0.11,商,,,1070617,土地1建物1車位1,四層,15,住宅大樓(11層含以上有電梯),住家用,鋼筋混凝土造,,128.41,3,2,2,有,無,5610000,49502,坡道平面,31.04,790000,,RPQPMLQJNHOFFFB68CB
梧棲區,房地(土地+建物)+車位,梧棲段2821~2850地號,0.11,商,,,1070408,土地1建物1車位1,五層,15,住宅大樓(11層含以上有電梯),住家用,鋼筋混凝土造,,128.41,3,2,2,有,無,5680000,50173,坡道平面,29.95,740000,,RPRPMLQJNHOFFFB78CB
梧棲區,房地(土地+建物)+車位,梧棲段2821~2850地號,0.12,商,,,1070325,土地1建物1車位2,六層,15,住宅大樓(11層含以上有電梯),住家用,鋼筋混凝土造,,128.41,3,2,2,有,無,6530000,72818,坡道平面,62.08,1700000,,RPSPMLQJNHOFFFB88CB
梧棲區,房地(土地+建物)+車位,梧棲段2821~2850地號,0.11,商,,,1070526,土地1建物1車位1,七層,15,住宅大樓(11層含以上有電梯),住家用,鋼筋混凝土造,,128.41,3,2,2,有,無,5900000,52480,坡道平面,31.04,790000,,RPUPMLQJNHOFFFB09CB
梧棲區,房地(土地+建物)+車位,梧棲段2821~2850地號,0.11,商,,,1070427,土地1建物1車位1,八層,15,住宅大樓(11層含以上有電梯),住家用,鋼筋混凝土造,,128.41,3,2,2,有,無,5900000,51864,坡道平面,31.04,850000,,RPVPMLQJNHOFFFB56CB
梧棲區,房地(土地+建物)+車位,梧棲段2821~2850地號,0.12,商,,,1070324,土地1建物1車位2,九層,15,住宅大樓(11層含以上有電梯),住家用,鋼筋混凝土造,,128.41,3,2,2,有,無,6660000,74778,坡道平面,62.08,1700000,,RPXPMLQJNHOFFFB76CB
梧棲區,房地(土地+建物)+車位,梧棲段2821~2850地號,0.12,商,,,1070602,土地1建物1車位2,十層,15,住宅大樓(11層含以上有電梯),住家用,鋼筋混凝土造,,128.41,3,2,2,有,無,6820000,77190,坡道平面,62.08,1700000,,RPOQMLQJNHOFFFB58CB
梧棲區,房地(土地+建物)+車位,梧棲段2821~2850地號,0.11,商,,,1070428,土地1建物1車位1,十一層,15,住宅大樓(11層含以上有電梯),住家用,鋼筋混凝土造,,128.41,3,2,2,有,無,5820000,52275,坡道平面,31.04,730000,,RPSNMLRJNHOFFFB78CB
梧棲區,房地(土地+建物)+車位,梧棲段2821~2850地號,0.11,商,,,1070520,土地1建物1車位1,十二層,15,住宅大樓(11層含以上有電梯),住家用,鋼筋混凝土造,,128.41,3,2,2,有,無,5980000,52686,坡道平面,31.04,850000,,RPTNMLRJNHOFFFB88CB
梧棲區,房地(土地+建物)+車位,梧棲段2821~2850地號,0.11,商,,,1070728,土地1建物1車位1,十三層,15,住宅大樓(11層含以上有電梯),住家用,鋼筋混凝土造,,128.41,3,2,2,有,無,6060000,53507,坡道平面,31.04,850000,,RPUNMLSJNHOFFFB09CB
梧棲區,房地(土地+建物)+車位,梧棲段2821~2850地號,0.11,商,,,1070727,土地1建物1車位1,十四層,15,住宅大樓(11層含以上有電梯),住家用,鋼筋混凝土造,,128.41,3,2,2,有,無,6100000,53918,坡道平面,31.04,850000,,RPVNMLSJNHOFFFB56CB
梧棲區,房地(土地+建物)+車位,梧棲段2821~2850地號,0.11,商,,,1070811,土地1建物1車位1,十五層,15,住宅大樓(11層含以上有電梯),住家用,鋼筋混凝土造,,128.41,3,2,2,有,無,6000000,52204,坡道平面,29.95,860000,,RPWNMLSJNHOFFFB66CB
梧棲區,房地(土地+建物)+車位,梧棲段2821~2850地號,0.05,商,,,1070419,土地1建物1車位1,二層,15,住宅大樓(11層含以上有電梯),住家用,鋼筋混凝土造,,83.25,2,2,1,有,無,4400000,70293,坡道平面,31.04,730000,,RPXNMLSJNHOFFFB76CB
梧棲區,房地(土地+建物)+車位,梧棲段2821~2850地號,0.05,商,,,1070521,土地1建物1車位1,三層,15,住宅大樓(11層含以上有電梯),住家用,鋼筋混凝土造,,83.25,2,2,1,有,無,3660000,55910,坡道平面,29.95,680000,,RPOOMLSJNHOFFFB58CB
梧棲區,房地(土地+建物)+車位,梧棲段2821~2850地號,0.05,商,,,1070928,土地1建物1車位1,四層,15,住宅大樓(11層含以上有電梯),住家用,鋼筋混凝土造,,83.25,2,2,1,有,無,3660000,54784,坡道平面,29.95,740000,,RPPOMLSJNHOFFFB68CB
梧棲區,房地(土地+建物)+車位,梧棲段2821~2850地號,0.05,商,,,1070721,土地1建物1車位1,五層,15,住宅大樓(11層含以上有電梯),住家用,鋼筋混凝土造,,83.25,2,2,1,有,無,3910000,58609,坡道平面,31.04,850000,,RPQOMLSJNHOFFFB78CB
梧棲區,房地(土地+建物)+車位,梧棲段2821~2850地號,0.05,商,,,1070721,土地1建物1車位1,六層,15,住宅大樓(11層含以上有電梯),住家用,鋼筋混凝土造,,83.25,2,2,1,有,無,3860000,57411,坡道平面,29.95,800000,,RPROMLSJNHOFFFB88CB
梧棲區,房地(土地+建物)+車位,梧棲段2821~2850地號,0.05,商,,,1070511,土地1建物1車位1,七層,15,住宅大樓(11層含以上有電梯),住家用,鋼筋混凝土造,,83.25,2,2,1,有,無,3850000,58722,坡道平面,31.14,790000,,RPSOMLSJNHOFFFB98CB
梧棲區,房地(土地+建物)+車位,梧棲段2821~2850地號,0.05,商,,,1070414,土地1建物1車位1,八層,15,住宅大樓(11層含以上有電梯),住家用,鋼筋混凝土造,,83.25,2,2,1,有,無,3800000,57652,坡道平面,31.04,790000,,RPUOMLSJNHOFFFB56CB
梧棲區,房地(土地+建物)+車位,梧棲段2821~2850地號,0.05,商,,,1070513,土地1建物1車位1,九層,15,住宅大樓(11層含以上有電梯),住家用,鋼筋混凝土造,,83.25,2,2,1,有,無,3980000,59950,坡道平面,31.04,850000,,RPVOMLSJNHOFFFB66CB
梧棲區,房地(土地+建物)+車位,梧棲段2821~2850地號,0.05,商,,,1070511,土地1建物1車位1,十層,15,住宅大樓(11層含以上有電梯),住家用,鋼筋混凝土造,,83.25,2,2,1,有,無,3950000,60525,坡道平面,31.04,790000,,RPWOMLSJNHOFFFB76CB
梧棲區,房地(土地+建物)+車位,梧棲段2821~2850地號,0.05,商,,,1070321,土地1建物1車位1,十一層,15,住宅大樓(11層含以上有電梯),住家用,鋼筋混凝土造,,83.25,2,2,1,有,無,3850000,58609,坡道平面,31.04,790000,,RPXOMLSJNHOFFFB86CB
梧棲區,房地(土地+建物)+車位,梧棲段2821~2850地號,0.05,商,,,1070323,土地1建物1車位1,十二層,15,住宅大樓(11層含以上有電梯),住家用,鋼筋混凝土造,,83.25,2,2,1,有,無,3870000,58993,坡道平面,31.04,790000,,RPOPMLSJNHOFFFB68CB
梧棲區,房地(土地+建物)+車位,梧棲段2821~2850地號,0.05,商,,,1070416,土地1建物1車位1,十三層,15,住宅大樓(11層含以上有電梯),住家用,鋼筋混凝土造,,83.25,2,2,1,有,無,3900000,59567,坡道平面,31.04,790000,,RPPPMLSJNHOFFFB78CB
梧棲區,房地(土地+建物)+車位,梧棲段2821~2850地號,0.05,商,,,1070325,土地1建物1車位1,十四層,15,住宅大樓(11層含以上有電梯),住家用,鋼筋混凝土造,,83.25,2,2,1,有,無,3920000,59950,坡道平面,31.04,790000,,RPQPMLSJNHOFFFB88CB
梧棲區,房地(土地+建物)+車位,梧棲段2821~2850地號,0.05,商,,,1070421,土地1建物1車位1,十五層,15,住宅大樓(11層含以上有電梯),住家用,鋼筋混凝土造,,83.25,2,2,1,有,無,3870000,58993,坡道平面,31.04,790000,,RPRPMLSJNHOFFFB98CB
梧棲區,房地(土地+建物)+車位,梧棲段2821~2850地號,0.1,商,,,1070706,土地1建物1車位1,二層,15,住宅大樓(11層含以上有電梯),住家用,鋼筋混凝土造,,123.37,3,2,2,有,無,5980000,56211,坡道平面,31.04,790000,,RPSPMLSJNHOFFFB09CB
梧棲區,房地(土地+建物)+車位,梧棲段2821~2850地號,0.1,商,,,1070711,土地1建物1車位1,三層,15,住宅大樓(11層含以上有電梯),住家用,鋼筋混凝土造,,123.37,3,2,2,有,無,5250000,48955,坡道平面,31.04,730000,,RPUPMLSJNHOFFFB66CB
梧棲區,房地(土地+建物)+車位,梧棲段2821~2850地號,0.1,商,,,1070601,土地1建物1車位1,四層,15,住宅大樓(11層含以上有電梯),住家用,鋼筋混凝土造,,123.37,3,2,2,有,無,5180000,48197,坡道平面,31.04,730000,,RPWPMLSJNHOFFFB86CB
梧棲區,房地(土地+建物)+車位,梧棲段2821~2850地號,0.1,商,,,1070708,土地1建物1車位1,五層,15,住宅大樓(11層含以上有電梯),住家用,鋼筋混凝土造,,123.37,3,2,2,有,無,5360000,50146,坡道平面,31.04,730000,,RPXPMLSJNHOFFFB96CB
梧棲區,房地(土地+建物)+車位,梧棲段2821~2850地號,0.1,商,,,1070626,土地1建物1車位1,六層,15,住宅大樓(11層含以上有電梯),住家用,鋼筋混凝土造,,123.37,3,2,2,有,無,5400000,50579,坡道平面,31.04,730000,,RPOQMLSJNHOFFFB78CB
梧棲區,房地(土地+建物)+車位,梧棲段2821~2850地號,0.1,商,,,1070714,土地1建物1車位1,七層,15,住宅大樓(11層含以上有電梯),住家用,鋼筋混凝土造,,123.37,3,2,2,有,無,5630000,51771,坡道平面,31.04,850000,,RPPQMLSJNHOFFFB88CB
梧棲區,房地(土地+建物)+車位,梧棲段2821~2850地號,0.1,商,,,1070722,土地1建物1車位1,八層,15,住宅大樓(11層含以上有電梯),住家用,鋼筋混凝土造,,123.37,3,2,2,有,無,5530000,51987,坡道平面,31.04,730000,,RPSQMLSJNHOFFFB56CB
梧棲區,房地(土地+建物)+車位,梧棲段2821~2850地號,0.1,商,,,1070715,土地1建物1車位1,九層,15,住宅大樓(11層含以上有電梯),住家用,鋼筋混凝土造,,123.37,3,2,2,有,無,5550000,52204,坡道平面,31.04,730000,,RPTQMLSJNHOFFFB66CB
梧棲區,房地(土地+建物)+車位,梧棲段2821~2850地號,0.1,商,,,1070812,土地1建物1車位1,十層,15,住宅大樓(11層含以上有電梯),住家用,鋼筋混凝土造,,123.37,3,2,2,有,無,5620000,52962,坡道平面,31.04,730000,,RPUQMLSJNHOFFFB76CB
梧棲區,房地(土地+建物)+車位,梧棲段2821~2850地號,0.1,商,,,1070819,土地1建物1車位1,十一層,15,住宅大樓(11層含以上有電梯),住家用,鋼筋混凝土造,,123.37,3,2,2,有,無,5560000,52312,坡道平面,31.04,730000,,RPVQMLSJNHOFFFB86CB
梧棲區,房地(土地+建物)+車位,梧棲段2821~2850地號,0.1,商,,,1070804,土地1建物1車位1,十二層,15,住宅大樓(11層含以上有電梯),住家用,鋼筋混凝土造,,123.37,3,2,2,有,無,5720000,52746,坡道平面,31.04,850000,,RPWQMLSJNHOFFFB96CB
梧棲區,房地(土地+建物)+車位,梧棲段2821~2850地號,0.1,商,,,1070819,土地1建物1車位1,十三層,15,住宅大樓(11層含以上有電梯),住家用,鋼筋混凝土造,,123.37,3,2,2,有,無,5740000,52962,坡道平面,31.04,850000,,RPXQMLSJNHOFFFB07CB
梧棲區,房地(土地+建物)+車位,梧棲段2821~2850地號,0.1,商,,,1070826,土地1建物1車位1,十四層,15,住宅大樓(11層含以上有電梯),住家用,鋼筋混凝土造,,123.37,3,2,2,有,無,5840000,53395,坡道平面,31.04,910000,,RPORMLSJNHOFFFB88CB
梧棲區,房地(土地+建物)+車位,梧棲段2821~2850地號,0.1,商,,,1070729,土地1建物1車位1,十五層,15,住宅大樓(11層含以上有電梯),住家用,鋼筋混凝土造,,123.37,3,2,2,有,無,5700000,52529,坡道平面,31.04,850000,,RPPRMLSJNHOFFFB98CB
梧棲區,房地(土地+建物)+車位,梧棲段2821~2850地號,0.06,商,,,1070703,土地1建物1車位1,二層,15,住宅大樓(11層含以上有電梯),住家用,鋼筋混凝土造,,93.64,2,2,1,有,無,4650000,61661,坡道平面,31.04,790000,,RPQRMLSJNHOFFFB09CB
梧棲區,房地(土地+建物)+車位,梧棲段2821~2850地號,0.06,商,,,1070420,土地1建物1車位1,三層,15,住宅大樓(11層含以上有電梯),住家用,鋼筋混凝土造,,93.64,2,2,1,有,無,4130000,53355,坡道平面,31.04,790000,,RPRRMLSJNHOFFFB56CB
梧棲區,房地(土地+建物)+車位,梧棲段2821~2850地號,0.06,商,,,1070528,土地1建物1車位1,四層,15,住宅大樓(11層含以上有電梯),住家用,鋼筋混凝土造,,93.64,2,2,1,有,無,4130000,53355,坡道平面,31.04,790000,,RPSRMLSJNHOFFFB66CB
梧棲區,房地(土地+建物)+車位,梧棲段2821~2850地號,0.06,商,,,1070525,土地1建物1車位1,五層,15,住宅大樓(11層含以上有電梯),住家用,鋼筋混凝土造,,93.64,2,2,1,有,無,4350000,55911,坡道平面,31.04,850000,,RPURMLSJNHOFFFB86CB
梧棲區,房地(土地+建物)+車位,梧棲段2821~2850地號,0.06,商,,,1070326,土地1建物1車位1,六層,15,住宅大樓(11層含以上有電梯),住家用,鋼筋混凝土造,,93.64,2,2,1,有,無,4250000,54313,坡道平面,31.04,850000,,RPVRMLSJNHOFFFB96CB
梧棲區,房地(土地+建物)+車位,梧棲段2821~2850地號,0.06,商,,,1070326,土地1建物1車位1,七層,15,住宅大樓(11層含以上有電梯),住家用,鋼筋混凝土造,,93.64,2,2,1,有,無,4380000,57348,坡道平面,31.04,790000,,RPXRMLSJNHOFFFB17CB
梧棲區,房地(土地+建物)+車位,梧棲段2821~2850地號,0.06,商,,,1070401,土地1建物1車位1,八層,15,住宅大樓(11層含以上有電梯),住家用,鋼筋混凝土造,,93.64,2,2,1,有,無,4250000,55272,坡道平面,31.04,790000,,RPOSMLSJNHOFFFB98CB
梧棲區,房地(土地+建物)+車位,梧棲段2821~2850地號,0.06,商,,,1070410,土地1建物1車位1,九層,15,住宅大樓(11層含以上有電梯),住家用,鋼筋混凝土造,,93.64,2,2,1,有,無,4390000,56550,坡道平面,31.04,850000,,RPPSMLSJNHOFFFB09CB
梧棲區,房地(土地+建物)+車位,梧棲段2821~2850地號,0.06,商,,,1070330,土地1建物1車位1,十一層,15,住宅大樓(11層含以上有電梯),住家用,鋼筋混凝土造,,93.64,2,2,1,有,無,4300000,56070,坡道平面,31.04,790000,,RPRSMLSJNHOFFFB66CB
梧棲區,房地(土地+建物)+車位,梧棲段2821~2850地號,0.06,商,,,1070323,土地1建物1車位1,十二層,15,住宅大樓(11層含以上有電梯),住家用,鋼筋混凝土造,,93.64,2,2,1,有,無,4330000,56550,坡道平面,31.04,790000,,RPSSMLSJNHOFFFB76CB
梧棲區,房地(土地+建物)+車位,梧棲段2821~2850地號,0.06,商,,,1070728,土地1建物1車位1,十三層,15,住宅大樓(11層含以上有電梯),住家用,鋼筋混凝土造,,93.64,2,2,1,有,無,4580000,58626,坡道平面,31.04,910000,,RPUSMLSJNHOFFFB96CB
梧棲區,房地(土地+建物)+車位,梧棲段2821~2850地號,0.06,商,,,1070406,土地1建物1車位1,十四層,15,住宅大樓(11層含以上有電梯),住家用,鋼筋混凝土造,,93.64,2,2,1,有,無,4420000,57987,坡道平面,31.04,790000,,RPVSMLSJNHOFFFB07CB
梧棲區,房地(土地+建物)+車位,梧棲段2821~2850地號,0.06,商,,,1070608,土地1建物1車位1,十五層,15,住宅大樓(11層含以上有電梯),住家用,鋼筋混凝土造,,93.64,2,2,1,有,無,4300000,57029,坡道平面,31.04,730000,,RPWSMLSJNHOFFFB17CB
梧棲區,房地(土地+建物)+車位,梧棲段2821~2850地號,0.12,商,,,1070902,土地1建物1車位1,十四層,15,住宅大樓(11層含以上有電梯),住家用,鋼筋混凝土造,,132.88,3,2,2,有,無,6370000,53614,坡道平面,31.04,910000,,RPXSMLSJNHOFFFB27CB
梧棲區,房地(土地+建物)+車位,梧棲段2821~2850地號,0.11,商,,,1070503,土地1建物1車位1,十層,15,住宅大樓(11層含以上有電梯),住家用,鋼筋混凝土造,,128.41,3,2,2,有,無,6000000,53507,坡道平面,31.04,790000,,RPOTMLSJNHOFFFB09CB
梧棲區,房地(土地+建物)+車位,梧棲段2821~2850地號,0.16,商,,,1070422,土地1建物1車位1,四層,15,住宅大樓(11層含以上有電梯),住家用,鋼筋混凝土造,,152.22,3,2,2,有,無,6450000,47203,坡道平面,31.04,730000,,RPPTMLSJNHOFFFB56CB
梧棲區,房地(土地+建物)+車位,梧棲段2821~2850地號,0.16,商,,,1070902,土地1建物1車位1,十五層,15,住宅大樓(11層含以上有電梯),住家用,鋼筋混凝土造,,152.22,3,2,2,有,無,7070000,50833,坡道平面,31.04,910000,,RPQTMLSJNHOFFFB66CB
梧棲區,房地(土地+建物)+車位,梧棲段2821~2850地號,0.11,商,,,1070707,土地1建物1車位1,九層,15,住宅大樓(11層含以上有電梯),住家用,鋼筋混凝土造,,129.11,3,2,2,有,無,5890000,52615,坡道平面,31.04,730000,,RPRTMLSJNHOFFFB76CB
梧棲區,房地(土地+建物)+車位,梧棲段2821~2850地號,0.11,商,,,1070908,土地1建物1車位1,二層,15,住宅大樓(11層含以上有電梯),住家用,鋼筋混凝土造,,128.41,3,2,2,有,無,6490000,59156,坡道平面,31.04,730000,,RPSTMLSJNHOFFFB86CB
梧棲區,房地(土地+建物)+車位,梧棲段2821~2850地號,0.12,商,,,1070505,土地1建物1車位2,三層,15,住宅大樓(11層含以上有電梯),住家用,鋼筋混凝土造,,128.41,3,2,2,有,無,6180000,71159,坡道平面,62.08,1460000,,RPTTMLSJNHOFFFB96CB
梧棲區,房地(土地+建物)+車位,梧棲段2821~2850地號,0.09,商,,,1070601,土地1建物1車位1,十三層,15,住宅大樓(11層含以上有電梯),住家用,鋼筋混凝土造,,113.47,3,2,2,有,無,4810000,50285,坡道平面,31.14,670000,,RPXNMLTJNHOFFFB86CB
梧棲區,房地(土地+建物)+車位,梧棲段2821~2850地號,0.12,商,,,1070915,土地1建物1車位1,二層,15,住宅大樓(11層含以上有電梯),住家用,鋼筋混凝土造,,132.88,3,2,2,有,無,6770000,59309,坡道平面,31.04,730000,,RPOOMLTJNHOFFFB68CB
梧棲區,房地(土地+建物)+車位,梧棲段2821~2850地號,0.12,商,,,1070907,土地1建物1車位1,十一層,15,住宅大樓(11層含以上有電梯),住家用,鋼筋混凝土造,,132.88,3,2,2,有,無,5340000,47329,坡道平面,31.04,520000,,RPPOMLTJNHOFFFB78CB
梧棲區,房地(土地+建物)+車位,梧棲段2821~2850地號,0.12,商,,,1070629,土地1建物1車位1,十五層,15,住宅大樓(11層含以上有電梯),住家用,鋼筋混凝土造,,132.88,3,2,2,有,無,5500000,47329,坡道平面,31.04,680000,,RPQOMLTJNHOFFFB88CB
梧棲區,房地(土地+建物)+車位,梧棲段2821~2850地號,0.06,商,,,1070622,土地1建物1車位1,十層,15,住宅大樓(11層含以上有電梯),住家用,鋼筋混凝土造,,91.68,2,2,1,有,無,4330000,59532,坡道平面,31.04,720000,,RPROMLTJNHOFFFB98CB
梧棲區,房地(土地+建物)+車位,梧棲段2821~2850地號,0.06,商,,,1070907,土地1建物1車位1,十一層,15,住宅大樓(11層含以上有電梯),住家用,鋼筋混凝土造,,91.68,2,2,1,有,無,3890000,55574,坡道平面,31.04,520000,,RPSOMLTJNHOFFFB09CB
梧棲區,房地(土地+建物)+車位,梧棲段2821~2850地號,0.06,商,,,1070629,土地1建物1車位1,十三層,15,住宅大樓(11層含以上有電梯),住家用,鋼筋混凝土造,,91.68,2,2,1,有,無,3970000,55904,坡道平面,31.04,580000,,RPTOMLTJNHOFFFB56CB
梧棲區,房地(土地+建物)+車位,梧棲段2821~2850地號,0.06,商,,,1070629,土地1建物1車位1,十五層,15,住宅大樓(11層含以上有電梯),住家用,鋼筋混凝土造,,91.68,2,2,1,有,無,3940000,55409,坡道平面,31.04,580000,,RPVOMLTJNHOFFFB76CB
梧棲區,房地(土地+建物)+車位,梧棲段2821~2850地號,0.16,商,,,1070930,土地1建物1車位1,九層,15,住宅大樓(11層含以上有電梯),住家用,鋼筋混凝土造,,152.22,3,2,2,有,無,6580000,48336,坡道平面,29.95,670000,,RPWOMLTJNHOFFFB86CB
梧棲區,房地(土地+建物),梧棲段2821~2850地號,0.06,商,,,1070616,土地1建物1車位0,十層,15,住宅大樓(11層含以上有電梯),住家用,鋼筋混凝土造,,93.64,2,2,1,有,無,3860000,41222,,0.0,0,,RPXOMLTJNHOFFFB96CB
梧棲區,房地(土地+建物)+車位,梧棲段2821~2850地號,0.17,商,,,1071006,土地1建物1車位1,一層,15,店面(店鋪),商業用,鋼筋混凝土造,,137.08,0,0,0,無,無,11480000,99679,坡道平面,31.04,910000,,RPOPMLTJNHOFFFB78CB
梧棲區,房地(土地+建物)+車位,梧棲段2821~2850地號,0.17,商,,,1070922,土地1建物1車位1,一層,15,店面(店鋪),商業用,鋼筋混凝土造,,137.08,0,0,0,無,無,11060000,95719,坡道平面,31.04,910000,,RPQPMLTJNHOFFFB98CB
梧棲區,房地(土地+建物)+車位,梧棲段2821~2850地號,0.17,商,,,1070909,土地1建物1車位1,一層,15,店面(店鋪),商業用,鋼筋混凝土造,,137.08,0,0,0,無,無,11060000,95719,坡道平面,31.04,910000,,RPRPMLTJNHOFFFB09CB
梧棲區,房地(土地+建物),梧棲段2821~2850地號,0.16,商,,,1070930,土地1建物1車位0,一層,15,店面(店鋪),商業用,鋼筋混凝土造,,136.02,0,0,0,無,無,9600000,70578,,0.0,0,,RPSPMLTJNHOFFFB56CB
